8.8842757785814,9.6714422896638,3.46893303748706,-6.32097570303362,2.09551994463796
15.590115084427,1.05737086570519,13.4497653895067,-0.447011078523064,2.732230357476
9.15126529264909,-7.06222304100213,-12.0574205048107,4.93906316506538,23.1043364483709
2.76468713016848,2.97646315201697,-1.8838457580441,-2.31617752522416,3.61995589303827
8.0642934889292,8.24240347100584,-11.2924644308606,13.1947272195263,-2.54590961802911
-11.9804090587515,6.9289229687215,2.53380919285704,-3.98165627365859,-17.7018861913276
-3.07729498498297,-9.37881040392334,-0.346030772482631,-1.37477228450046,10.5647016712203
-23.0690038446971,-11.8209170188627,1.20153165403764,5.88396169320407,-19.2064722032722
18.0007320143175,4.3481776843174,11.58077500745,7.13810049276575,-5.25794155948813
-8.41625463851144,5.47049371458154,-2.14075994327997,-5.14958683090813,-5.32643602895546
20.7540409557673,12.9653372091976,-8.29973406227029,13.7618216677483,2.19594634342095
-52.7459387445631,-11.4198491412781,-8.67096760916503,-5.66136938357822,-24.1296814866568
4.95075370407474,5.7052790286949,-0.399456135562837,-2.51004022329301,3.03782829540615
39.7025843100278,22.6907608035232,10.9233637363184,16.8729805147376,-8.63796474762003
-23.3280835328624,-1.60635419382856,-16.6407658182087,6.77476573835924,-10.0389957801706
36.2271580616869,-0.0365099456527804,8.93246706636257,8.97448390870323,18.5076030760749
-25.361027348555,6.2232046259076,-14.4818549008113,-3.75044639349866,-12.1787688326877
-36.3660027932929,-15.0944981361612,-1.70704469216969,-14.4951981097862,-5.52868024974742
-19.1723505760428,-11.4372398577924,-0.854740074800851,0.212797033854529,-6.63923293617862
-6.59978406340299,5.81475004304254,-10.0090268011947,-1.41555230728432,1.12125872842787
-26.2705541957605,2.88611593705202,-11.9878516244777,-3.35505611666673,-13.1393006790002
-20.1475476643649,-1.39287667092461,-6.46408956557848,-10.820126017138,0.65305932577413
-27.8029428107164,-0.622616524932011,-4.85122649048263,-8.64492933387631,-13.4258716498922
-25.6748657775993,-11.0876502795047,-13.7535403980055,3.99331404543017,-3.08345833481687
7.59876762450684,-13.3785867499955,21.1821021308529,-5.38670730793588,5.99364097580474
7.55863466432942,0.112845446075609,-8.7592647644842,4.4473472913638,12.2924936527713
13.9964135329482,-18.1773885759891,8.82556939475117,6.43983081954865,18.2166320401732
-14.8628925963177,-20.838793806231,1.95165205270415,4.53294867357995,-0.407317521430864
-2.05231789977562,-1.44962481011274,11.2813361208796,-12.0205510317157,-1.52479519229516
-0.670326030395397,-4.30917417502225,3.46558055215057,-1.92275911237681,4.83073226964201
20.4907603368946,-4.31307636739108,13.2829973303898,6.93302318272469,3.91074435347461
31.2794933313626,8.94251864446147,14.3887267807619,-9.09418871936697,18.2027894010853
6.10242951502757,4.75933627507229,13.1432169635361,-0.147281448149064,-9.12604751890941
17.6271008853155,0.792738947266916,1.82526310228277,3.33463443213436,12.2194964438308
2.57834142437674,11.7340290551264,5.83588800729402,2.89128369764131,-17.2616662893066
20.3331861376803,5.12484259533694,11.6530335707131,-10.3694143770906,14.9230293769584
9.17426356697181,3.30505217660051,5.60759455389238,-3.50774821914908,5.64700974857259
-0.0750352006990792,-1.20732564933458,-7.38346414517576,2.4664910231139,7.10065728765662
1.14435344396925,1.57852469214263,16.0663724986067,-14.0773698027715,-2.01854734119994
-21.1025353147175,-21.6890186911772,10.074325041113,5.59030285637952,-12.9979173915671
6.98813378791536,1.71079459807704,6.24292255120968,-5.70388577051169,7.35031354892368
1.99416030043064,-13.6616120689561,1.37576287405758,-8.48576306275686,24.2834922082047
-11.1113099905647,-2.8664606543202,0.993520992189756,-2.32034164131516,-4.75808836692519
14.6822183832227,14.6746176888266,-0.602334680201566,13.5581648102385,-12.9706360432628
-5.7536070538032,9.18945143268474,2.90272055383919,-1.08712297331068,-15.7287781211707
-26.8211312688737,-14.9878418345281,2.7298093589406,-11.5533973430695,-1.44010072568
1.86213766564492,0.872071560573268,-1.28752305672907,0.692368401448055,1.60945026023262
14.5415770366781,4.73154547601048,-10.4915819576065,25.260462429697,-4.02904066797602
53.3711638022807,8.43242930633519,2.87043352849483,21.2675271993603,20.9451867592582
13.7956865598112,-8.910658764173,15.4382952229417,11.0014280483303,-4.00654473157459
1.13846286675092,-6.4190275438175,8.03442089608077,2.9771014514079,-2.29622437564565
-25.5309174475316,-26.3401013037707,14.0270374526211,4.75769461834771,-17.6334894224902
-9.97308858193576,3.03578194978294,0.130850224463102,2.87659493290315,-14.4353016277858
-9.66920937454474,-16.6443864815183,15.9208662155465,-13.8533367031134,7.37521257935171
-7.52530996056301,-5.21404637454837,0.0948738343280241,-2.99433177706522,2.39121471559766
-13.6704475868254,2.00087066068743,4.28796939348427,-9.26134457659644,-8.60532300247381
48.7519355907018,20.4843488503318,9.07964569566218,8.39438829933803,11.015080655526
25.4468702945866,-3.11245867654886,-5.40922492785162,8.13891376377661,25.1102756567943
-29.0890715216736,-12.5400159299426,-0.223397713316132,-1.78788795346012,-13.326248447975
28.4530408827796,-1.29605646179518,11.7714012905338,7.60077450457807,10.0624867435474
-41.0645058825884,-7.17979144030887,-14.0358582902892,5.87526090993101,-23.7252569235344
-9.42070141621706,6.04584908542644,-11.9844004899117,7.03173785941818,-10.4331007485166
-1.22144992458178,15.7349767534036,-1.5747900449533,-11.1914970401373,-4.0736870614436
12.1275513091013,20.0971007956951,2.99120650026915,-4.00122024054552,-6.50196052566125
-14.4424326551091,1.5279762692857,-6.64095886681415,-2.6138092846534,-5.60592099556268
-16.2545464165464,-8.53429445098311,0.832542878994585,-19.8158185739328,12.1641637595696
-6.70146440496491,20.1866471929937,-6.66990819437613,-22.6735424185114,2.83911253853393
14.4083975060885,11.5034088538559,5.65126281638932,-1.72711927234472,-0.982470553094889
20.2412315939395,7.44256621409597,-2.86112801618376,2.83282502028036,13.2314906673573
-19.1434926273965,-3.87100146633784,-9.69617606651007,-10.47043662405,6.20654164316587
18.0366069856348,6.07082428592563,15.4941097058247,1.38928040438999,-3.03861847134096
-1.99061686960314,11.2730079969934,-14.1475052770511,6.88676508905603,-4.43625100907797
28.9612981108333,-9.06590999096607,22.1163563898685,-0.419146287058536,14.843016907063
4.72658941241419,14.6526901609028,-2.21704377555535,-0.383080308118512,-4.49352355760082
-12.5842711997146,-3.68653884517397,1.5551882165343,-4.25960000584876,-3.97975815978663
-25.2755077583258,-3.92750601355241,-22.3267254525964,-0.700103492386761,3.03073215665933
14.4699747153154,11.6073896478906,-1.63224498306481,13.9210762392221,-9.24148159669667
44.2480135274185,20.9537069785886,-6.28199915880389,21.8755044839934,8.22379778215701
-1.45046031326573,13.3247403102749,-16.4883538105068,-10.0810788428349,12.9480747959415
5.27317345733597,0.0703457965595669,2.64893942328092,-2.55504072338324,5.5463710863231
2.54141313573492,2.93774221317329,-11.6420959193876,-6.60165079351053,18.1732011987564
34.8647253429293,1.10121102609655,11.9331950041835,3.90175516032259,18.3741239586391
3.80633069525573,-0.588596389994393,-0.191235201329234,7.11427151004361,-0.53088715070035
20.3707539189612,-6.18297588346575,-0.614856700092988,18.1619588711027,8.9429050697772
1.8201190376032,10.4829677973209,-19.495261772572,7.82014252039058,4.55182251781718
10.6341951087917,-0.257547462283699,2.00409491162425,2.53544793605467,7.49225815223978
-33.8000274323466,-17.2777906346432,6.3789708328038,-11.5754802361779,-7.8531170915254
-25.385222387743,-11.1896507553494,-3.83814979730329,-4.76051842814434,-4.37818234540868
-7.41185021551335,-17.2888974904216,28.0951907804758,-5.43832538452997,-11.3414032013222
34.7331925153037,1.32176566863319,15.6490836557414,-7.57913233621258,26.672864310452
-10.7597878954888,-17.2656502696933,-5.22192651719205,9.87155013508565,2.10166001373127
25.2720315750951,12.829188901261,11.0157661909217,-8.87279938099867,12.265734681425
8.20344078658735,-3.37879951912381,-4.74387972605752,6.70926759028974,10.6219776037594
18.2940782363895,4.44759848032709,-2.40414722276737,12.421568414847,5.04303742887041
-21.4164989156192,-9.95726320460012,-5.55335756799086,-3.75533844096517,-1.27696311861148
-4.28477189290075,4.8488120124064,10.8015805649251,-12.6408542870115,-4.76800684169535
-43.3655940359136,-7.59874552450432,-11.3140977228244,-8.85469678276516,-15.4451367456634
1.16389043969546,-7.81694333413637,10.0916104860748,0.780121828125422,-1.32006591387952
1.87054086326926,-1.01301723140136,-13.8749343674237,1.44048030343477,16.6863533172495
40.4472538336805,10.4066365003981,6.2981111936896,13.689390376248,11.0713053955846
-11.0833963040036,-3.64461993165936,-10.2400245017893,3.87191304550969,1.09687896576843
3.08283626781944,-8.83847195154176,-10.4402081634263,18.4777825295647,5.39803914606357
18.7141409175319,4.53296102908863,3.03074861557574,9.10863769257789,2.0372016931464
8.55449104726802,8.51194376074064,3.58559568580267,-4.29255241985895,2.41401939432064
-18.0293371068367,-20.0572012092174,-3.62469682360606,-3.97077685042479,10.6714631514976
-11.9274042311355,16.1762912229048,7.61777755740351,-14.7881146789391,-19.1706809172519
-14.9126601419695,-17.9077469677021,-0.677733740857447,-2.47009512511217,6.78379540941921
-18.2929390795187,2.63697865741508,-0.782355337988161,-5.99540480587435,-12.0199646401439
16.1103269720828,8.43726925631423,-5.90677589550344,5.49559446448025,10.8305960674039
-8.81119727465153,-3.35380924511531,-1.29756360667331,-10.7202245127774,7.76309962202893
-0.315011717671028,-10.4801992983233,13.3824282143185,-4.79882399078924,1.9460941945105
21.9299461232447,15.1522090565537,2.48204838995689,-3.65704775086239,8.13918512033841
-10.4931204539645,8.18848303530688,-1.8863734953945,-2.61587481284838,-13.3396075482266
1.52810583367961,0.883319266726011,-6.0578838806189,-6.36503475658999,13.280913093616
36.4067131343206,0.414611508953714,13.4756031699437,11.621396642662,11.5762306741727
-17.8604738409745,-10.8818457400502,-5.78505617937625,-11.5476578852766,10.8904984302695
-0.967358112318219,1.66884526751503,4.72261675048586,-4.06728664000007,-2.03495384171994
-3.32499020325078,-3.15296642761716,1.09886685300386,9.22476089574281,-10.2274300504881
-0.266780515001146,1.76243957656893,8.86930905256074,-6.7808577067967,-2.4677608392797
-6.81358047202782,-1.29889092407099,-5.1262179582413,0.82504483082341,-0.605596175751226
4.70974241431863,-0.974337367104061,20.1038502938397,-7.72398331931622,-4.92134639982297
-9.41814998161355,12.2763559009546,-13.5145484094582,-10.1149027480572,2.36299357157111
19.0163766303173,18.2120562281784,-5.04955942562944,4.15050952385772,4.64029532815318
-8.4265554708248,-11.71803780125,9.51585832476631,4.22297677231024,-9.28247656457526
-11.319225954818,8.09379411291237,3.76555482905403,-10.8158673045331,-10.6501526072927
23.8750078366766,9.21243898137804,1.14994772653336,-6.21157009655964,20.1884219278795
20.0815309501231,16.8087849116485,-14.7918473175663,20.5834665083383,-1.53313824440323
1.98555354274717,-4.0683866014475,-5.6526728844613,11.654013488927,0.477172952383208
-20.3205413458066,3.66525308983363,-9.06571051659165,-11.1790000091761,-2.59173600089863
29.3958315072171,8.68649072980692,8.78419694778712,6.73644075557796,7.86281917576636
12.038459482252,-15.456632695908,14.8692868158787,8.48605275235955,3.83649076945542
-12.9290795303257,-0.447736851085189,-13.4619055821195,1.29077586346706,0.326093155405866
-47.4952260203095,-6.52972083290481,-11.4801471925571,-32.1572252863487,3.20775318270996
-1.38291636294575,-6.2593374359204,-19.6393581436615,11.2259390184261,15.1772566620387
-10.4194145218999,17.5330132220249,-1.53536137241734,-9.77163620501507,-14.4777126368814
14.12711643325,-10.6386076946199,4.52625289791903,9.70801389741338,11.1199313126432
10.5851751241679,12.9739651651735,-1.23157546473307,6.54061455053091,-8.09864639304721
-1.92792406387013,-13.2121747998241,0.751947016607894,10.8960420699304,1.60335914065506
-24.4830211948001,-1.10738254952541,6.45763446627985,-26.0143567700997,-3.22672982132108
-2.03816687121188,-22.7315644560092,6.79065064134709,12.4167294418838,2.97879637224788
55.0581789357989,19.8201292345171,18.983214872638,7.58013112205856,9.83748508360573
3.06465068054848,-4.4451690105833,5.3541411477943,5.32862627586575,-2.86588983473125
37.6184252509081,13.4584137397526,3.665829324426,6.9619910826426,14.8599019629494
0.62413160887828,9.52410749984803,11.5997037496969,-1.39625349945466,-18.1181081053365
9.55429959952968,2.45804427478423,-1.22694811013566,19.6340526182142,-8.49746791675993
18.9783590955787,14.5692042222468,-0.951872207842678,-0.490885275582564,7.18976121690167
-13.3106711803451,-8.89159956015609,-13.4139665040713,9.1710584425742,0.660117982905794
19.0489577936915,17.6893936428878,2.51078420278001,1.50362778334546,-1.63719587229917
4.00333747527707,-3.37451408519297,-5.50672765036464,7.96577103725573,6.15534796018974
16.1786871245771,6.48087673047809,4.25288091845493,5.51381895794673,0.606977052445287
4.99410572460255,-12.2779057014411,31.0852458655355,2.52501331681483,-16.7324748747576
19.6917165665953,12.8651350673201,1.92277892883544,2.88389060705454,3.41124803779954
39.9595540640718,18.3000707694423,-2.00693323820391,18.1037829916667,6.69349355531859
10.0760618389676,-3.84250804544243,3.2714773092736,-6.2601695510656,17.6498640873695
5.05882992525247,1.73931496101533,-1.66508144872373,0.309189341241078,5.68498319659427
33.1869417302069,16.6941687161729,17.0472782650338,-10.7393041731822,11.9208710547634
1.10490173471913,-3.94405568284276,9.1139282633441,-10.4963848767337,8.59892292188605
-26.4509244310878,-8.76279976459882,2.36750188059899,-5.70099959874338,-14.2507666693034
-14.2456542130451,7.32031644476529,-18.0951538880905,-10.5072600935467,7.61762647352181
-1.98477406824809,-7.76136811753015,-5.72773725652701,8.87990486863019,2.96047763272918
24.9939819150296,-4.78477034563955,5.29583839291911,16.3848182093807,9.65451099209362
40.1279745178369,28.3450574065948,2.68670227812562,0.0576678756880619,10.8454024905815
-1.38371691466316,-17.3448624512712,17.4241192140479,1.64138154767047,-2.91016981240513
-12.4583230810858,-19.9756488413982,1.93456998537366,-16.3920448969288,20.634659841513
1.4718553333117,9.98322819382179,6.4413836385139,9.09466620951996,-24.3718935908171
13.9517880642455,9.21760200151666,-14.6616201611046,5.63055824056674,14.6297079077407
6.95404791528456,-14.3096650518742,4.52225090157829,11.5023371511759,5.04140515675909
-46.3262014964939,-16.3560352051151,-18.1055916444038,-10.8576975997002,0.173861393908455
25.4958751373788,11.0531544897775,4.36969157651313,14.0209408285352,-3.7056101692513
12.7208871878045,9.81672584348665,16.8166153333915,-4.16079768798275,-9.90113368216951
-4.25052059824276,-9.03753098233717,14.7714437717558,-3.62186237568945,-5.16049014797429
2.4362883740981,6.15975441163871,10.8488331884596,-17.8172929512285,5.72295636049043
-14.0492399092042,-4.99470201456701,-16.5042996129915,18.257738787176,-8.39086395459466
17.476931757984,-12.8899075166989,-2.45231815360708,22.688729783454,8.87249181458562
26.8080947057641,-0.722917860783463,13.5081655454974,2.98540069301311,12.4950906221805
-26.1104785561477,-7.42870802416234,-5.33413829585718,2.17375265756762,-14.178458467177
15.0724204209382,11.9498500583915,-5.4482753425711,1.17251921957085,8.47911121732651
-13.9728281601844,6.72401236291188,-6.04642110402252,-9.0836932348055,-4.58737458688191
-9.81709554941292,-16.7896360928253,9.19776144507212,-7.69223119758478,6.83693783569799
-16.5476354444012,-7.49982165152183,-8.36546623543659,7.44743086920783,-5.81133620250369
9.31255848828287,4.95448756977595,4.00383387010413,-7.63462227219668,8.92799815487123
4.36989082596246,-9.16798784897064,4.83177426089792,13.3225343107332,-3.65659321325074
10.878496094621,6.66029016707753,-6.01886968653917,1.66144534348537,9.88760143643611
-2.8239120832025,0.188289464571884,9.03199814611894,-7.2907999341178,-0.303095305513188
-27.7957228771538,-3.97182446469666,-13.2614694217064,-4.30004502534256,-4.47579904800225
2.5102873546177,-4.48676063947552,-2.16250190801014,-8.947107252418,19.6936007888555
-44.7572485818731,-16.7136432811026,-8.77763550231044,-11.5933483869639,-7.20513493643437
-14.3338935540556,-4.17818076823922,1.62415522329783,13.7269933901407,-24.4751299953831
13.9835764508802,-0.0213447510110619,-1.58778876611563,7.87078256396934,8.69833125395897
-10.0853282509233,6.86542977228035,13.0421262316324,-10.7985955287131,-17.2763122874776
-17.5478009918047,-7.25168492054673,-18.7010586717833,5.98300566577836,5.87419821074747
-39.8618541529873,-3.6417558936221,-15.2418702348077,-6.43392593262698,-13.7179928617426
-15.607884893409,-6.85445834115187,-7.33795468022307,9.59338217386939,-10.1365111280005
-1.27478301515143,-4.20709700466385,5.81702197972513,-1.89488460734393,0.491438773550662
-0.259537811139335,5.15432265217927,0.581555259415065,-1.3996077677772,-3.85802107735909
-3.26483825763317,3.8502488636251,-13.427273794558,5.8253080078622,0.768502955320596
13.8725291311597,2.10824721505965,2.33299452290249,-4.61021409440641,14.6361905369006
-25.179188432618,-5.23026522076786,-18.536251068361,-11.5189222047874,10.7355981305893
3.61230454895667,15.308143106262,-9.48611076913984,-7.98583034528604,5.77975467984799
28.808665423043,4.74331017095983,8.98736741526251,24.7778713216254,-9.17400589379162
-12.0460893273798,7.9091428455347,0.00292854037261338,-17.051821514808,-1.98849419389389
0.200587363978576,-5.77248556797968,-1.99220180124542,3.01793586086485,4.53324025486583
-31.5101423304677,1.67754067071085,-2.89994322219051,-9.68483396930494,-19.9849878849571
-31.8435956647093,-8.55996943315824,-13.8166789838343,-15.0034251581773,5.49181378054993
-15.315989986509,-8.0976362020393,-5.85149615116944,2.05599880728542,-1.81862804102878
-22.7901109249783,-11.5822078680837,15.6085515900187,-17.9670940395883,-8.62536144936228
6.54420975285505,-5.21595794775401,1.45239980642006,2.35217441012285,8.41834801511656
10.9545572297761,14.7035205093359,4.48181995372812,6.62125337381924,-14.0204378092859
15.3907913441617,1.0840232582488,6.24388471202742,10.1696699393321,0.637551102600233
14.9315566463017,8.08577042940751,-0.783587875972401,10.5211558367241,-2.7719088860306
15.8211143304395,7.90909300632463,-0.419885003300072,6.36031961564966,0.9760010534805
6.60292636477792,2.24991377329128,-6.36138596159289,11.407167125917,-0.733670034702592
-5.50877886667342,14.9205547140934,-8.07454374038308,-8.9658854036914,-0.617495628214702
-4.53751028312827,-7.45178568756797,-13.0266706507467,7.22889713600317,10.4245720420936
9.00223406571563,-5.40269414089716,9.39002873760791,-5.18214281165905,11.6586012257924
-6.06065901720988,-20.3140773475158,-9.53274994618699,19.3491637428311,5.28815437080777
25.8371394083168,7.00987752673315,-8.23811555850356,11.9881347045134,15.60472631449
28.3239078882769,4.55765231979709,18.739028074435,2.90318585249954,3.30183984359877
-23.1700402984594,-23.6200271506104,7.45406777364817,-7.59218261337833,-0.286294762297311
13.5471856044816,3.10701098536283,7.03181383418089,3.77526788745152,-0.98829339345215
16.0878909509701,-4.32793239129369,1.65909909861981,-4.62128948337377,24.4430075858219
-27.9275660851068,-7.21617292046358,-9.82774763788836,2.89150054075405,-12.5116021378481
47.2088932326706,25.8835365789911,16.279998605147,7.8252043747262,-3.3250901237769
-2.19302885824614,9.31750848096996,12.6090899884674,-12.858950271554,-8.74664088025974
36.9284697939029,8.20513884455154,15.6730885308759,7.63382647413327,6.17686723991452
17.3731902268624,-4.97346188247647,-6.26310357245831,18.0161694345223,11.7068137429864
-1.12994541622193,-0.668286183158044,3.05969147765568,0.0997416144735827,-3.16616295424333
21.8429260122791,10.8626367094688,-1.38224796110305,11.8308970957498,0.708114902197917
33.2847525362229,3.17610872331493,23.2083988785087,-6.57001863316669,14.2208706654999
18.91399650128,-5.96680090009477,-2.04818887251404,13.5353387513401,14.717958424245
1.01183604045858,-6.74567412937175,6.93709718509375,-0.375418176458207,3.55950034698738
0.014706860400945,13.1116665042238,-17.4325493815863,6.68291119551635,0.179902314259982
-16.391153356557,5.49745305838214,-10.954031302204,13.938090575479,-23.7077224822528
-24.6618911336916,-8.60545256462619,-10.2381592601861,5.96009875863393,-10.5619141269477
12.6413353291749,-0.834150288736614,8.62077715661233,-2.58656772413492,8.46890128283328
8.15119145920094,5.24038111558623,-3.22868228470773,5.74140721488202,2.07264342812519
-9.23802415706844,-13.7512259591267,-3.77128472236225,9.5744209700055,1.50432044572565
-18.9558329523594,8.52862493662113,-10.5998015147514,-7.14857238751904,-6.79891329150669
-13.4076166916822,2.54284281708686,-1.32964682994119,-9.57466467151851,-4.59382387281644
-21.7168777261081,-12.1612161555024,-7.98755787109258,16.546643034999,-16.535693514945
-12.578599072296,-10.4238810913298,3.42131763933538,-13.3072758329379,8.46605302617906
-5.94832941075458,-8.25913043355015,-1.7122862000554,9.380243175204,-4.08947111795686
-25.4098438074441,-18.7891310143592,-11.8790522524106,1.8902400166986,5.01152228349829
-2.03512422006677,-8.22267225310707,9.6908867779777,-0.65568771465231,-0.248982130563484
6.75085121084987,-11.2474918939767,11.0217900406178,-5.87104520093984,13.1398616655065
-15.0449605021265,3.38365061835163,-3.35454073023951,-12.5183161023292,-2.00526265598438
-3.66296954542915,7.10690793935055,-4.36522217277329,-5.67305840929136,0.906504247930512
-35.8936003467787,-6.34013217891769,-19.7333222369132,-6.58556014194806,-0.872429667326227
2.80860669079006,-6.422599328207,-1.25936805140838,4.74101355073068,7.10299477697633
-21.2616308757441,-10.4739201713597,9.78933663457079,-9.83668587231824,-8.3649880822851
-29.856780512913,7.03356586775002,-6.04336528957155,-12.7479221482497,-17.2171065871355
39.6576798721794,3.66145602118882,19.1215058835505,13.8586991633488,4.93717083231106
0.22982150762481,-0.0166277322669978,9.16044607493231,3.61245954761299,-11.6184358783152
8.05733059488812,-0.682507398506926,14.7066823382865,-8.6656495346747,5.39602913060748
-17.2007647408434,-15.1253822729507,4.85858758631197,-4.14355993570902,-1.77176180467536
31.9662464840892,23.331164501841,6.18692743056128,-10.5989470225601,14.1840895755237
-32.8659712678803,-7.13667826919869,8.14939312425877,-18.0456077566784,-14.1055594109443
-5.34878428199907,-2.428963646213,-10.5765139050146,-1.94281395620747,11.2029846439202
15.9320944751877,-2.17496152682874,1.83128573656856,-2.26424676033123,18.5325088376343
-14.969751016323,-6.46285244970983,-9.99450565826498,4.69896936893163,-2.02480339031698
-18.2115862263812,-8.85724715009696,2.88233757112422,-12.3088627632077,0.496517905629073
-33.8806484514811,3.84827495097819,-11.2433278983868,-20.5794118360488,-6.06604390647489
-31.3582219234473,-10.0300585693766,-12.4475544007892,-10.2156660659608,1.83588558947167
27.4484976527346,-5.4328906332674,19.8812134455864,14.6490339629141,-1.18330334808677
16.0964656086454,1.33459201316889,-11.8354836968819,4.04742374237619,24.1261131583241
30.6484092732144,2.10803853082722,18.7304311349756,7.81118208051875,4.4148695184661
8.41507231302456,-8.317859600637,-0.511471861323705,6.5425666039327,12.9067237548722
13.3325712223638,-7.97382109758926,3.97734313346738,13.0087653920131,5.93050237760457
0.37523760774754,7.43502119572766,8.74099578850151,-6.24718849354209,-8.46279913390508
-6.19946837943592,4.32741454116343,-10.5447070141197,-6.25773735709575,7.89382922302683
-2.04812378638192,-0.633386205319373,8.40613956249478,-5.25803446454167,-3.23201643088654
9.0982250673856,1.63016978800441,-12.4483199752705,11.3417092369246,9.8254421969074
4.80744078851089,2.09100710320748,-6.3093141482311,8.53457483291878,2.71393350053654
8.97203492067631,7.97409341873648,0.0184926110897996,5.14256034654845,-3.52405330477387
-11.3642449075929,2.99574132622445,0.783805066123316,-19.6514268722162,4.11677255612993
4.048237047366,-0.810738040317642,9.80516586923192,-5.04551934090634,0.324389517156765
-6.14411568321467,6.50622674547602,-7.67490145100822,-5.57173416712603,2.79974842126506
9.02601860458995,-6.67459541925337,9.49793882187407,11.1714770002899,-4.75680926696036
18.0519439925495,6.72920266223559,6.65886477972438,0.0899909158175696,4.84523341042528
3.95102150454615,5.6699894788694,3.98214750562474,-1.63169800682977,-2.56387179600938
4.12709427375148,-3.29415858050834,9.38910667571364,-1.62269148938976,-0.323194373923039
4.41052656579697,6.44210341759212,15.155143314917,12.2367606680903,-29.5081004409452
14.0465680536218,6.84040314532845,7.24482126934926,7.76317802230623,-7.41548170232263
10.8048753412371,7.14212630750569,21.230399774668,-8.54394711782349,-7.2107618930795
-15.0299232585733,7.27085846402825,2.76320029941073,-25.1526445539624,0.321778419405333
2.43620726330397,11.3661295729428,8.41052333993682,-15.4013668567604,-0.325371699633323
-7.08138375960014,10.3231955059088,8.62648080345787,-18.4429920384224,-6.94515581705294
3.64500224110608,1.63944670085901,4.31790059370774,-1.25352085704963,-0.79857550882096
-6.61537730892128,2.45149148730562,-3.11308220036786,6.06409687721401,-9.60944831549208
29.8744085878107,5.99468174128729,17.6059091495352,0.64030576016663,7.98190932237114
-9.17872082475511,9.58432226695832,-23.9838579923141,-6.84763502420558,13.9413479986445
23.6429505099083,-7.12274152365936,-1.05066045776577,19.2113126848921,13.3526391798462
-18.090248788772,-22.7362332509475,13.9827083807522,0.000244086461323431,-8.960265924856
28.1210384110373,3.7687716450332,5.09965232262528,15.5341221976871,3.63804234036836
-25.5398444918009,2.15166833192419,-21.7705832083255,-11.5954309898249,8.60992645062946
-3.53363339835529,2.4552068293215,7.38521768504442,-1.7437227314003,-11.4416053443711
-0.957489858384684,-4.99168087742477,17.246397963289,-4.28061589572206,-7.3975600904209
-4.74787909113812,1.21545675598446,-16.8094861474736,8.98649651479267,3.22495398089921
-28.7179339574445,-9.52515915555244,-4.96829037067446,-7.45078004311911,-5.48555307481666
20.9753832020874,4.27955385189486,5.68810127113827,2.82602255125024,9.35892083183779
3.07375108916901,5.41032605761251,-9.56473514037349,8.15923774867969,-0.436617657534975
-56.3846999207535,-2.75529181570769,-20.9091416024435,-16.9459584315278,-13.7486667431785
4.17041647869476,-11.2418913330955,-13.0274692572804,11.6026863825232,17.639024104698
-41.7077780694397,-6.50310024909398,-14.8204852746404,-17.8051647186554,-1.70448332485454
29.7268549341076,11.049875233924,1.49936266827527,9.01296784274373,8.23205379324855
-45.5391705353017,-20.4172484090309,-14.8723628594577,-13.1990119715928,3.7258613069058
16.6568396829536,7.5946768699358,-2.17425520288785,0.0100258602597366,11.5439679710569
-17.3871870398301,-9.48131256844241,-8.61172845332679,2.61435003774074,-2.29039190175662
6.45924353864911,-1.52615212962647,8.52634106520866,-4.45106767540994,3.52695618788581
12.1841207700519,13.1371285660117,2.05129806841981,-12.1012702810172,9.84140610091391
-48.3922713386156,-24.3471832027249,-0.0501391433755751,-25.849189682072,3.5374075926357
-42.2038731893268,-7.06858972983685,-11.8256413260182,-6.0792025162613,-18.2307112960274
8.25629075387945,7.26581820919771,-13.8077186760352,4.06073132629494,13.2538063686415
-36.103418425776,-15.8790088424541,-11.0970769296548,-12.2420090025994,3.56434276336983
-23.8760239582295,-4.34893342724644,-5.29231013104267,-20.2201058244413,6.77048326667012
-5.9187997928412,2.78869770835211,-7.01207090070216,6.07196043284699,-7.02687940478462
-21.1536488532559,7.06197170049663,-15.6651818132567,-14.4121805961258,4.18427979063301
-17.2913619483259,-3.54461439036974,-6.02199817081239,-11.9484949567894,4.97586846981202
37.7062730633302,22.7867159006735,12.338526921441,0.855493049121045,2.65503977060555
-35.1531822995616,-16.4100617100659,-8.04851854808002,-0.584634096416155,-9.95404416779076
17.9307570213299,4.8538380673811,7.70821374701154,2.59660345384911,3.49906376631719
-6.23616976116214,0.898611763155473,-9.71177189820812,3.84668308816703,0.0225359693878454
-39.282576918261,7.48033201706625,-18.6078942942804,-25.9391903145001,-1.08400042684641
5.29138740189688,-2.80482356930111,-3.02659903191852,2.08098461481321,9.10682601224278
16.1446514770446,6.96996766206713,5.58834831591589,4.37676508553147,1.50541165759261
32.5518924995235,3.23574378551107,7.08516972790885,4.61799850898601,19.4484385008947
-16.3284840054417,1.7707727269269,-4.6122919492393,0.881081102452523,-12.7545268265604
-29.2616705556447,-2.02497374683936,-23.2554431598154,1.63957462878546,-5.16600014582403
-27.3195994767724,-5.5535493895334,-19.7938784553562,-2.74233813632884,1.07051709647984
-10.1662920919189,8.44316775042425,7.27373129394469,-10.9237859855182,-10.4282267733119
49.9689117481713,20.2849077785088,26.5162562552791,-0.126628711421663,3.94898576128992
28.9204227632746,16.877105595572,14.3148621435776,-6.66421183108975,4.37470504395606
-2.05477961493097,11.089233078502,-7.96157939892413,-3.57656604862784,0.170744574845728
7.66753807612566,-1.10908820505676,0.455735709504506,-2.63423696372939,11.3719617182558
-4.06509979419985,0.676936505098755,-8.26347081616119,17.150904524977,-12.3943162404694
15.7220205080575,-7.6609010548163,16.3002566079263,8.00220454384054,-0.266063537672102
-5.27602464520641,2.78003196473741,9.73019112772634,-13.7075148886746,-3.07170657807491
-10.7406952671824,-14.0226202900848,1.29493023604764,4.13564396585174,-1.97978673018136
-15.8940635011144,0.382006539444588,0.887837848431286,2.09828870059721,-18.9805846490557
32.3270141292603,4.29048018292539,2.4586937900399,10.7194383136093,16.1772025855998
-8.97136064519094,-14.3455058002001,-3.81920502445148,12.2725891505605,-1.86783214883969
31.5094015298791,0.380594255187704,22.7877811558784,-1.09696307812795,9.71530891493293
-7.28016352477636,5.55090452684521,8.13277417731608,-9.98771801236,-10.0691044853813
-30.6776031418781,-2.44587234390864,-13.5325937583666,-10.3397791240014,-3.86955156548406
3.35273053039019,-12.7647206443042,2.7757577679399,4.39877947469233,10.6421247219578
-11.6122578749194,-9.67726772745148,3.05922799261346,5.64073628269378,-10.013987170838
14.6715432840077,7.82142070166938,5.32481048438226,-15.911754729638,18.5416796583734
-17.9729314681309,-3.19310143728503,-5.79752207785197,2.49781441722948,-10.0679606165667
-7.07966883035456,8.25442272183852,-7.81258230690354,-5.23303627566859,-1.85593080731535
-7.0582069469959,-3.96190443156548,-0.280648884140185,2.58986383928187,-3.81541422173896
3.77188973642513,3.86732547487364,-12.4496937236829,11.5569493816284,2.09461479922332
-5.50169146921548,0.506510838699176,6.34753968238064,-9.80236604693711,-2.77860212453812
20.0851685951684,12.1684156867635,-7.37447425929072,14.2677986494457,2.2656038935437
37.5360292072979,15.2612822787332,1.95005277831025,-6.90624660071894,27.8962072530797
-22.2532879540477,-10.0756635987189,2.51085180506717,-17.1540376479468,3.36629620483737
-41.7119101603975,2.16281773850483,-23.3009421575567,2.22356935389785,-21.5908156094285
-0.335545249159003,-4.40996878506777,7.86368594234734,3.0965624843364,-4.61385924178642
-38.5953602818457,-5.47442647467922,-9.25059499184794,-18.9601026508692,-5.12333951950584
2.82317191187622,-11.3186908926057,0.462711661817182,0.592583715978193,16.2145821056844
-13.9640564359547,-11.1326978224402,-0.499530943540451,-4.92671993342182,3.16937178991242
1.36204463476648,3.52571325497739,-1.09748444751785,9.57655970413903,-10.9006091232313
-9.4974541174446,-3.14825207118065,-10.4707376824233,9.79312336817447,-4.12979754008035
21.4960343034717,12.3424538993513,3.29198464072529,3.62707865434039,2.06371032522974
-4.08381848711106,-6.72549779006921,-3.99287709228587,-1.30075729827288,9.23294055249383
-3.3799048657282,3.62786257837221,-0.336272731339874,5.53755968633157,-11.8531306146139
-16.7563466359204,0.739750193067211,0.957226464864004,-0.752324237723365,-15.8564341835711
-11.8289421207262,4.76155222847227,0.73135567522061,-1.61959906169503,-13.9373350465381
-12.6615751183053,-6.75484673256084,-0.386462309169578,-3.6657445506938,-0.579325293626942
-19.5696116893571,-2.75539289515118,-1.05996861427714,-6.11780788564475,-8.65261656099683
-30.0227632477039,-17.8146342279417,4.14588074798827,-2.6708969444281,-13.6010633057571
-1.48692265494726,-14.4448172786988,6.53917342115515,-1.61204127475998,10.5059401406116
3.09724581286864,3.95906680061455,1.23868387337615,-3.53759708840055,1.6091581156825
-19.1527346315766,0.367897275747035,-12.7419585150689,0.838750660556148,-7.96562760803176
3.80745766771552,6.44038700308822,6.9848213130684,-7.85030605742613,-0.247376435160153
-15.6149228435831,-9.78602950576929,18.3432988741739,-10.3377882145882,-12.6635283948324
5.47352969909173,8.32415079145261,-8.59756672954337,8.17873980280941,-1.88846873885899
5.32908260079382,0.676858143944751,-2.51973318786999,19.7554227246584,-10.9433418276763
4.9263741874671,-12.4662283281287,1.01750130610538,2.22940268910306,15.6375763169487
9.33154027092736,13.9344802030761,-1.95794594183898,3.81114846380082,-6.84158882206368
10.2274581080189,-11.136047525982,6.70497989250008,9.90618212616149,6.37993945634328
18.4473946361192,11.2558642517257,5.36723335161129,-14.649109663027,17.0460972948965
18.3982661209859,7.65035503123169,-0.125512485684577,4.26813336426544,6.76480564291041
-31.7867050546879,1.75793319798486,-1.64908890709963,-14.0675973520889,-16.0757246282949
-11.8194712525006,-19.3552661519639,1.52825131140468,-4.67878449477096,12.1226815421834
-27.278652764454,-7.85824970643763,-10.755108851822,-11.5162187615636,6.27609900395716
30.734650511881,11.7665414809794,5.82456195102776,13.3837343700716,0.17881654651536
-19.1677330880414,5.14508460362217,-18.5648344661235,0.20137841297173,-6.02345748024784
34.9768638338506,14.6737223772321,26.808531526824,-14.953438494857,9.15319890713373
9.99025111957357,-2.27121278665052,3.74862514200965,-3.52193969293695,11.6407528258515
-1.89680940727589,9.0882108632191,-6.40765761632407,0.874854397535393,-5.46307387037162
23.0751879175942,7.19173378918625,-12.6885149654175,17.6350175207591,11.8377484544376
43.4124310259203,7.03104603786907,22.5831451528561,15.8212059124679,-1.39236996842467
17.1552413517839,30.3272472212416,9.33988580858927,-7.78753269793335,-12.6839212223201
1.68962640437813,10.7283355167654,10.0072685220831,4.84107237244078,-22.5849031093246
-20.0881607371649,-8.57761994787979,-2.24448073089362,-11.1414858060498,3.18326378852288
0.829958135018013,-2.19277134878003,7.4686362750208,0.572684385059945,-3.46865331453466
25.114859782746,3.42601326586471,8.14318986746093,12.4507387111993,3.03625989095355
28.3697484448818,1.72178651142098,10.6448428992906,14.7529412835149,3.59785985751132
15.9542794053873,-0.818112430728825,-0.686619543807497,6.4883285557374,14.0759834393834
4.30982827531394,4.71591879957227,0.565012655538412,4.99390436657385,-4.6636361399607
-1.65421948707109,8.23836807361336,1.885246751526,-17.0313121682523,6.61686619952425
1.38576547996252,1.11830705461941,9.35022183035068,-5.23928969791367,-1.98234432516343
5.04698322368322,4.68378173663504,-2.73983950639303,10.3506312546601,-4.8845369871803
-15.2229141499235,-14.4796554977013,-2.76429785494288,-7.61028389962545,10.7723458175316
-6.96710785262333,-13.3930003559881,16.6804041218402,-0.251089184099035,-8.56294990269658
-11.4746294465104,-6.70162931846653,-6.23889770355866,1.69595046075292,-0.232589714247234
-1.93427369973316,10.1352291154575,-11.3298086362202,2.76284997217524,-1.40808997407556
-34.6274758430757,-15.4766647976194,-11.3751016814133,-0.340395462774734,-6.01947868839246
-25.2914480355105,2.22851298351747,-9.96351099414462,-16.0634902597238,-1.85735800233992
-2.45760211154779,11.5821870050364,-8.89692098113636,-5.24705158242172,1.59651117364375
-5.15106571613462,1.45837865130953,6.79583014738122,-9.7548802667801,-0.678623634475913
-4.81184068723053,2.66207236388351,-6.9016133972423,2.60338370615738,-2.33623794028014
-12.4276067725008,-7.5751988486885,-9.4292005878691,3.87505317796572,0.7381561698815
-7.02223945031351,-7.27170098645931,-6.89967439479996,0.0856514021894854,7.84799094653771
-22.5187696003023,17.8021308907615,-20.7587326835645,-13.1612238852726,-6.62678960095973
-0.850863780288777,3.32549295983493,5.67285042495319,-2.76773942985773,-5.44800914085893
-21.5182844121725,16.1005604454468,-9.24555163259815,-20.030548709503,-6.19407529731471
27.8080702149789,6.58964231427016,-1.90805838805543,15.4787668772598,8.63815602571141
7.10235152839106,-3.91032808706856,-2.58222917416502,-4.57582289139825,19.3277394227843
-4.70916709251798,4.89475600141955,4.9575605850928,-2.70796299801881,-12.7196063574145
-35.5547875808866,-19.3782465560172,8.5418089455558,-5.78847610804713,-18.084649544233
-13.0162997502352,13.050711862456,-15.7453307878142,-1.51261107039331,-7.68592691376358
4.37170185829289,1.98351249849806,-4.08005476006546,-1.78101976504927,9.87331237968705
-25.9842407203153,-10.5880964217079,-10.8850690670271,10.28633973227,-14.0397632031228
2.40689993667819,-5.03335568185106,16.2498901833278,-4.49687150262592,-3.06426502544002
6.16036215510809,-0.0267593860385128,-13.6309377211185,26.1545316478795,-6.64053125248718
-38.9111308901562,-15.4847021160121,-1.99983336123758,-3.2490799226279,-15.6245207783443
11.2353896077665,7.44575418209902,-2.91604796407344,13.6752621793398,-5.03131001598057
-6.84167945384774,0.866157370214716,-12.8974602604665,-0.352102075157799,6.049297120606
-9.44885476714132,-11.03977973581,1.25397374393183,-4.40495462309833,4.42262120278141
-23.5608175949564,-15.9152793960717,1.02697581585841,-1.47215925768593,-6.5043593768989
-20.6060690083681,6.16403493182526,-13.2176751684186,-14.4073535050323,1.88453733552871
8.18731153681468,13.0446792485122,-13.1159321533602,9.48928038241544,-1.49246176908086
8.70645411225307,-10.1670167553774,12.4063526340361,-7.21281988838926,14.7409641225674
26.3810739559733,-1.86206309125032,13.9538002736231,14.848049208516,0.331632059714606
-8.15213899990761,16.1305252088809,-15.734944419356,-0.442738318466348,-8.13489125283621
-13.3638662993245,-7.51990360805972,5.70703160372387,-0.379366371132789,-9.42905715734694
7.72906366245327,7.01360756181429,-2.5272956704758,11.1423589799221,-7.23864443833503
-7.18536000661476,5.61589187389416,-2.72855649184815,2.05061516730318,-10.761164502754
-20.96158914531,-12.1754579749015,-8.27659181017072,14.8024550662652,-12.6100748894619
-0.345550300482881,-9.88983160323076,13.3832222223454,1.9161159817103,-5.08581772409943
-23.3344795365419,-10.3633560648002,14.5173939517802,-13.5140790433726,-13.143291662165
16.9828976811772,-6.26660007067483,5.25077775926066,22.7695002294739,-3.57344640401578
0.391744500266325,13.6204155110933,4.72664951163027,-10.0689547769717,-6.65839025992072
-18.3697007447646,-9.30313688548454,12.5236671548498,-6.54778359719977,-14.8087664165409
20.8743647637215,5.07512098036822,-0.472542840280445,8.13294578943088,6.66328483842219
-5.6249696394651,6.42972627058219,-4.0182203949911,2.17620806224358,-9.00310801810063
6.21423942960631,-1.93474715464763,13.4180752236408,-2.01538168590648,-4.07916938576278
13.3542427063497,9.99406419573786,3.5300368646743,-0.540904477716455,1.63509523127353
5.10225976266186,9.30890345539806,-19.4451130704913,7.70756648900763,8.72295910059995
5.66200257431645,-6.39706924067061,-13.1169198124024,12.7522626069873,11.351596246057
-16.6346069592191,-3.77864050116174,-12.046723794256,-20.3681535339228,21.0379941511102
-14.1760466297603,-9.49181502566115,-10.0920838064872,6.6032756711584,-0.920366525249592
8.82424164390677,0.281585467578757,-4.61695583370172,12.2994566259212,1.37812938095774
23.042636364196,5.83422524458493,9.60611467663595,20.7530790170524,-12.071286003992
-14.5246593072052,-3.110271569545,-2.12203966284392,-8.32681559060635,1.21438539745784
12.3353287284427,-15.2309127081164,7.68652146898132,14.6425459040974,4.64641973142713
-37.9187639938665,5.43423719789124,-8.5035777573537,-12.5464307795636,-19.7988319538832
15.4119459972203,4.01713600781524,12.2539678203826,-5.2691915365622,5.94345145144583
10.7735308622665,-8.3150673463092,18.9299428239645,-2.9522058999063,3.04364418098433
-14.6514174468881,-1.66378964547439,-3.25001916254681,-7.88903818693272,-0.620034445958919
8.30823845871492,-0.361940610274014,-1.83562888029143,8.16473983287873,4.04928766624607
7.81668962537076,1.46444270183274,-10.4793281596342,18.4929866418203,-1.6652243774672
2.43283378435161,11.6590086430147,-6.02822841365924,5.11992058477829,-7.44608388035186
-2.10324752542346,5.43387194593947,-9.18532199471952,4.03112688734308,-0.435767237278246
-14.1167249815951,-1.54675511869233,12.5290094274467,-3.61799533982307,-20.1909081377205
2.69964006857524,3.33280178729949,18.4486000606469,-6.01929502852252,-12.8863164540868
-21.3363877908695,-23.9789934864475,-3.1627757653283,1.42177652216419,4.60676838549479
-16.1152471959441,-3.21397830846167,0.427444035110584,-7.11708001888293,-4.38010171159462
-22.8007757522202,-17.5944015439676,-3.126704807292,-13.1058016368891,13.0550857779594
-10.6044335394122,0.284541893624251,-13.7442169646963,3.92296214181207,0.622117521980983
1.72854188541352,-1.00477998819509,5.59746637201822,-4.48712339738269,3.00829352939934
-13.1873848761423,-18.7916164134517,-9.34601045168639,2.18314670834856,15.1383679233774
-5.9544848473286,14.7434478376097,-11.036769595484,0.734861929768629,-11.6084884225827
2.56093948762846,0.797658709219263,8.8115133044489,-8.41962685349855,3.43273951962346
1.08710612311721,-2.19562846996002,-0.26565265956528,13.7928516798256,-8.04061273397297
-3.59463973164303,-6.20709140698117,-9.8526479032427,7.32523942380857,5.39970251886442
13.3538052857802,8.12472967169407,-7.33733280324286,3.03478895922613,10.2909361356098
7.04835199673307,-2.21955171438587,-6.09062760868096,10.8427513757849,4.40910251619894
-9.76951528832653,-2.42508584623442,-9.66731130464661,6.7280141974077,-2.2062522776758
-32.5112791115688,2.06166011546675,-13.6791428466801,-4.62641956387837,-14.3610618414797
15.5784031247364,0.934382798533718,-8.06670959615971,14.3420770521957,9.42534828753309
-8.09834281486913,-13.8686821506168,-6.64299888686791,7.12120538709006,4.42640382003799
-35.9886754259397,-8.28109513247778,-17.2388888863484,4.27806696365814,-13.8985469301345
-29.1395762738058,-20.0910050487141,6.99115184860866,-7.98744575433619,-7.0282160283042
-5.47942234212528,-5.74479926031091,1.05417605003674,5.26117929651297,-5.17336600553643
-19.9455445151937,4.42991826243598,-26.8616742451111,5.16623811817521,-1.70943712468298
-6.17975357781691,22.9276222039905,-17.0476198147912,-8.16713535801693,-3.62514463936401
4.98635394589036,-7.08654248007785,-3.1547916717697,14.3731688106358,4.01070626917553
11.0166707090368,14.9720425801256,2.50769826222895,2.68075215222576,-8.93196153133063
6.58638359171016,-2.57957475855886,-1.80208257133762,12.4707407262663,-2.01971524043887
-10.498558985211,-5.51590229790629,-10.8823424860857,1.12578959443438,7.21031886188861
20.8151482983015,2.20280633153872,24.3999606757225,10.8784292047005,-16.3590345299382
3.63284203159506,-3.91299741271053,5.30082341538715,14.7959339314097,-13.8842673735086
30.7583245944503,3.01809006829078,23.5404336919061,8.10791488745448,-2.38136898155643
25.5693707460355,2.77444365991281,14.3118747958671,-0.216174436684296,9.62814209980634
-18.1229381761151,4.92177972185965,-2.05069141224918,-8.56129136059003,-11.2562908239046
0.60477072865812,4.59615319675262,-1.66996186887467,-1.46532794157387,0.347611082318901
-11.2177384195437,6.76143815780473,0.970949070505887,-10.4665984093014,-6.3852196389942
9.87944572473671,5.09862690506195,-12.1496357839248,4.84514369005463,14.0785809152249
5.69367606010385,5.81504226692285,-3.4632234786484,3.88972270113411,0.48103494646451
2.62731573217535,-2.40441309271349,16.085462344386,5.74334227240238,-14.1049305831168
-1.74672846037835,0.733438012233246,-0.0459155259071909,-10.717510385091,9.02928955548951
-19.7075567772719,-7.99291174961245,-13.714644950669,-12.1620711838036,15.613572386013
2.58740212301967,9.52393077739155,9.86069302048183,-11.9325561257263,-3.44365383786206
0.847387700369088,2.73470352423449,8.41536964318599,4.45912607231093,-14.6731244269567
4.84864626482695,-3.76318189789833,9.59984109918332,-8.68130066362994,8.81118383517281
21.9429575907147,-14.2968949023432,14.1895323333969,17.5975053098209,6.64526941652333
-5.15407732097398,-19.5149938520625,9.86449768806359,-14.9062120616934,20.4089935880411
-9.13529633568818,-2.07664464277166,13.039108270884,-13.1546241410056,-6.75313529833903
-39.1840209122031,-7.2399891684437,-1.26455585085045,-19.3305170748222,-9.59443113963263
1.95919178291289,8.14837957820509,-5.16197910741293,-9.27205263480855,9.92536626494168
-4.59779195688346,10.5041681448404,4.45601513074134,-26.7362537964964,7.22910733826616
8.7545625523507,16.5952793147062,-2.80954838560968,9.16975254207544,-11.826836900259
-17.2522071411468,1.10688845603864,-25.1450072080757,-7.65923923654971,16.3999281708827
24.9364060680696,-7.07623928515556,22.6679701801914,7.80890219882608,1.81822776992623
-8.00168054918605,-10.2847062481566,-10.5851722055358,-0.581071316740152,12.8782087167641
-11.6076728792565,14.9378834939858,-10.0904332772569,-8.74057215728328,-7.31502513305225
-7.08537139466416,-4.25972988286331,13.2396599346421,-9.51370184926876,-5.2444571943997
-6.93624065734287,5.01325202360774,-6.28742381536175,6.71781706002753,-10.692095098303
-17.495805304733,-11.2120039169956,-24.0172518456435,17.7764428898894,-0.204605748964496
-4.43057733692026,-5.97991107125166,-10.2534198621254,1.07005341876729,12.2211216983621
12.7922109661076,12.1120025820742,4.22783041704309,-0.0271573227964025,-2.15699137053644
10.699870027056,-10.9255067554351,8.61614866088338,11.1307973646508,2.78039802988581
-31.3045388787559,-20.5084847067241,-5.72612793072818,-1.90993465961827,-3.37661057000179
-0.352256375428386,-11.6401555327111,7.35380471801187,-4.16896444137895,8.68091440255567
-4.41026608269641,-0.0436695283586093,10.2103985346907,-11.3973293149721,-0.2579220558188
7.10019686573514,9.20805793007501,-1.98942264786437,-4.85734645204602,5.49628997234393
-45.7664471501376,1.98594405548139,-20.847102496962,-7.32883989512838,-19.0741595376471
27.2802298248868,12.6806132019671,9.10996998683569,5.07250795740888,1.98803232171385
-13.3782224662133,-22.9432540222363,10.7390236816829,5.72776931248192,-6.37276554894119
-3.2412880382391,1.54193734845409,0.0469369099003939,8.91724294449244,-11.8198399375901
-23.2262451126289,0.234772486395532,0.0726217368322976,-10.7951169662923,-11.2280651493581
9.33227585581001,-0.840707977782904,7.7725027089335,4.78423437285226,-0.663418404655876
-12.028702890084,9.47124822213641,1.26371224577596,-8.45266156091368,-13.7231729648583
33.1789335866847,4.47618988290313,1.08598945012186,14.5555202859142,15.3534054232492
-3.62106418031584,-9.89817853005871,0.810759098083178,-2.07818281757309,9.49931484265299
3.31111291940644,-13.2140053158977,12.5441004625226,4.20045537663761,1.67831806863207
-2.95496949238218,-7.87939851739717,-6.31555617266619,10.4676159768154,0.465767352350527
-11.1496732735659,1.41840185555926,15.9409763916545,-24.5278811525639,-4.54110141361568
-1.18148955460564,-10.7395762007703,-7.50041129859294,14.5126435857391,3.33946564324702
20.6080021532432,-6.28122523823989,22.7855446284818,2.56671838694884,2.43044149253726
2.84276780967556,-18.0602663370479,6.18980049737464,9.38006369841103,7.78588372414341
-35.7258315237577,-7.99996154634858,0.13748090366296,-16.4702899303743,-9.60917977913908
-1.81488462993888,-12.9029855662532,10.4940520410963,-1.2493422760892,3.08919692661255
21.4509852481674,5.60240242071474,0.0131250999478537,5.03238471679925,11.4749285416311
5.45554585578095,-7.13378222040807,-0.141538040333363,13.5062311580303,-1.53651870409187
-22.8426254406003,-0.588677724919753,-5.54253332027246,-0.77472047154138,-16.0160738837713
-5.66690373791338,-8.13879717051593,-2.80913848994613,-5.48681684712061,11.4719164203906
-10.8076968855955,-1.46571778346073,4.22510645094838,-11.8560893539135,-0.397155796240702
9.59141603315079,-5.18289621434684,5.52421561598784,8.69156523162307,1.7194173883437
-7.58168193176351,-19.9956413775596,2.1701608671715,-0.313541718383593,10.7430987354722
2.19348342878195,15.8659119689567,3.65427592610402,-9.30659301937477,-7.63149357375138
4.05380831563445,15.9032322762917,-5.20873301436643,-9.81037716298722,3.55619319477758
-10.5481024784087,-1.01987093749072,1.87647581528626,-12.4980233543175,4.31918521466607
-29.3119366233918,-11.9939674668925,-3.90616167610956,-8.89445873219808,-4.99374250820574
-12.0507842644686,-5.01715928126141,-12.3447197935023,1.78637568733315,5.76705186639322
-22.8567836061844,3.97124645744077,-5.69798914584149,-2.95080584218687,-17.3439114930887
-18.2515417275022,-15.494783577228,5.04152474509645,-10.864502206015,3.36348915131981
-27.1611010261291,-4.74823737935487,-7.14967441364947,-27.3529933245752,13.7688301061563
-24.5688490834973,1.94774300086822,8.44110864125047,-11.4782984435423,-23.4970521675271
5.69268949173324,18.3440125411586,-5.674346122802,-11.9453264981947,5.99741825107683
15.6768023242103,14.4498718127976,-10.1929166844648,15.0221188807141,-3.03783268058776
7.18651527954849,-1.14169227517302,6.87981801828655,0.145937186757107,3.40765446592989
4.97558897851572,-18.3615372198595,15.6171441936256,4.77376296223063,4.04673874627298
-5.21671161411257,-0.774560923556327,7.89976861828929,1.9335076997606,-13.6252809407667
3.86988131950419,-4.9480070070306,6.09670374458017,7.33765940785378,-1.87545293718747
21.7204408889828,-0.505002019773757,-0.190062439185957,4.52846691985384,18.0402241560868
-28.879933942195,2.0268487563518,-22.2570152895493,3.04242637508776,-9.20014423103236
2.17770296514125,-8.54716379546904,1.03575780008969,18.816056591439,-8.82304912677425
-0.948600772456265,15.3927707169296,-13.922625020547,-11.1897057707101,10.8179951121742
-20.278821385722,6.07142276045487,2.51762715144182,-11.7461807304079,-16.7495026068336
24.7549788263554,12.3368130247673,-1.01095419884633,-9.69266895388898,25.0796853816938
-6.25801020054908,2.46598447277728,0.72461114199381,-7.38994031428254,-1.32821177958925
-10.0113749393384,-7.8219946019362,-5.67431287640535,2.71385044697828,1.33270595682302
6.24037312599158,4.47829293191931,2.09715334899862,-5.02754137716397,3.42334917948387
-41.8409928060001,-5.39121336263815,-28.2532511661455,-1.99381196490687,-6.74947753452616
-37.4619119263488,-16.5139821226289,-13.3631510021368,-8.46007089962233,2.10435036595161
23.0867640699722,3.89228373815145,3.50406946263025,11.7074208485796,4.45525539083503
1.59998636735117,7.44918043633302,7.74593285593135,-10.8806249614998,-1.3666045936319
6.55150815971806,-0.601264757471554,-18.166882972232,20.1030390182195,5.64085163132513
-27.8985971345841,5.50389319573116,-9.82562289312815,-7.75028597636147,-14.4343600857965
16.8610684862133,11.9699866832981,5.35569841297114,3.67912369633783,-3.21310409732363
-32.9419127529283,1.62621752500347,8.59998903453834,-20.8799305713353,-22.3213086529315
-5.25005496670698,-14.1874345923168,8.02898344880534,-0.926236328327054,2.12374835832621
21.272758395598,-0.59846974622835,4.50547606212486,19.0572864334731,-0.283011967662461
-4.25352887459658,-9.21312148401075,5.1802323510326,-12.2598169578413,12.9989487135565
3.93383452545464,1.02950860381826,6.37648812558792,0.553953019894098,-3.6019733632494
-4.84691266733985,13.5993973188426,-5.29808994305994,-14.2402016368167,2.22369924177532
-5.63402030076027,-12.8691965975983,3.83415917213631,-5.95174568764085,10.7346116021867
-0.582587134015986,-9.30919308937268,3.54770411503042,0.985374531477247,5.59661432917695
7.52929670411299,3.3524410248497,-0.270703022864758,5.67828542246219,-0.885648619980179
8.24466073286972,4.74852257958355,1.51699656506747,9.32614088200161,-5.57304413312978
13.0453416537313,11.6783633586637,-5.52863124828217,0.0582723196086259,6.48195003061235
-6.68460899702178,4.71090865094442,-5.27667458906851,-2.09599818907671,-2.2553649797757
-17.2454379972283,0.879471765073623,-0.38765408741789,-6.33555289245986,-10.243185544529
-0.361987031073776,10.6917893301781,-14.0254619066695,-9.43495836412447,12.3237954261442
2.30072867813127,7.5883925928822,-8.78020782570407,8.55900725430323,-3.82868854800966
18.1172213888849,13.1816379704349,4.36101445549729,4.39783243599495,-4.16150177446038
-32.8603177068511,-10.6504780264307,-13.0117630470725,-1.12411389888902,-7.60022062654383
-37.9277173512578,-11.8712846870093,-9.66435388279435,-13.1487596346539,-2.37238252991511
2.47050558522014,15.1492092402745,-5.36709550916648,-5.99364459060793,-0.224634732524782
10.6859442440793,-2.17441667266765,-6.67681118656219,8.43392528536966,12.5135091731191
-6.50307654596814,-4.8280851960408,-10.2298452336825,6.0320228013079,1.65711895962497
0.0435961554260218,21.7948738259161,-4.68744992353613,-10.9237739001624,-4.74497641581477
0.788137903296019,15.0790537370056,-2.41437379580824,3.62934493297098,-14.3841592796324
-1.47202464293358,-4.14428532029157,8.24204380726897,0.262208727431919,-4.37327426204065
-9.53360451496324,-2.4330565491973,-0.495212584187791,1.77741962572203,-7.28143160225925
11.5274308828247,18.0862986308473,-2.27060336913815,-0.406060590859596,-2.31988632478914
-1.11475484786247,-6.53310197008472,-1.33735055266812,17.6628457100435,-9.8745734601636
10.5891086007516,2.66580628137045,-13.7447590175397,7.39932600020233,15.973748739658
-9.77663376934902,6.7993110404691,10.4084865862421,-15.5842866597782,-11.5480616150504
13.1405793470527,19.8784934122247,-13.8803103685246,3.3591178866018,3.55955798430388
-47.2823227774347,-8.89605760782163,-7.92644090067708,-15.7600307911655,-14.2244299534645
16.9147258862876,-3.54698447446501,10.9249403362515,-1.05930097241379,11.9292345573875
-10.8662957476372,-0.39404140229821,-4.43519245063182,10.808964001768,-16.2306954895162
0.833030468512709,4.32260130143975,5.37586184000327,-7.51893330228562,-0.868449661292638
18.5183889882215,5.94682813999722,-12.0444660008511,8.50227272999757,18.2361119328033
0.880412811528333,3.46759222384888,8.46434810232254,-2.13805044113204,-10.0812299817116
-13.4308576221553,-4.68278426301943,-3.03734991816147,5.83076600758667,-8.70602199727139
-11.9337889731745,-3.34252225305723,8.10770950970976,-14.843161086389,-1.54694559664778
8.47970126072915,2.58993746993878,12.0892539239971,-16.8573325369722,10.3354408149397
-25.6481166972345,-1.10006289214177,-3.6190667566744,-15.6079149663018,-3.43317240447547
9.48366941744256,-20.5615432057614,13.3098863509922,16.6252093362752,1.00108760103617
34.4918277238531,1.10238881312982,23.319976445792,-9.26813063740346,18.8028543743666
-8.0239281159833,-15.4907245180752,-11.3222786961488,18.993720777737,1.25106574555726
33.1535860633821,6.35612415003116,12.3021595469073,8.78206593262137,6.59323291668863
-24.1778718567399,-15.2154076424776,-10.3640896032673,2.80733536750671,-0.762537612788592
-9.3344023127168,5.03840667802616,-28.2503123722266,8.94690303006836,6.64799444990379
-9.91021761444603,-4.30996652939224,-0.787422054660423,4.8901914942172,-9.67233973557047
18.3334651439392,5.00427170425643,6.64389900351569,8.21991365879011,0.268152486516104
-4.86764885787828,10.5913687277062,-13.7171340691588,10.6584590200773,-11.3051913792402
27.0406922750731,4.17641146235178,2.4181177142994,4.76870007791509,16.8665052456211
23.2043655555829,16.167545947871,-0.0601938606509871,5.40145807011292,3.65678756287168
-5.08450581651232,-9.25686261587194,-1.02334845193811,-2.05466097236258,8.3624994700517
-0.702864372902804,6.07725112559194,1.3843297688515,-1.48523020498477,-4.76923825893855
28.623916464451,-1.76482458546831,10.646333261734,15.5159098609431,4.80917258594715
-25.0103990876834,-13.0778998401319,7.96703313723096,-16.6282795895651,-3.02448744925668
8.63486982714413,5.4020972767166,8.76728881293883,-6.57775278642014,1.01345157055421
-2.42472625204386,1.04606791436797,-7.16032567668539,5.27385812018646,-1.27739558508947
-7.06311584302539,5.2806661384955,-13.3613428902243,11.6634973186431,-9.72969754147233
0.0530425000837942,6.4745076831832,7.97606944843938,-9.80721664740772,-4.14876925834432
-11.8500434878488,-14.669762509514,4.676784735305,16.361476521971,-17.1828678184798
3.68932245178197,2.59085654837714,13.9018392118228,-9.25039338671544,-2.29400205951367
-37.4136244642502,3.64594596495295,-15.5181518907389,-14.9913446612356,-10.225978030002
1.5638358787948,13.9747858384995,-1.3019691227076,3.19832187122402,-12.2813859623304
-14.8162646975083,-3.95503736609793,-2.46253797806445,1.01488919566973,-8.71626187286688
-2.42288337069692,-16.3596211963327,15.3632289744887,-6.04406369161523,7.24437275995878
29.3577947076708,31.9425095778342,3.86047518046734,4.57241184878299,-8.23984749063433
-9.54458504321471,5.12276132624722,-1.99495693592705,-16.0346969649256,3.43102445168416
-9.16906976921159,13.4833297314154,-7.05291956882913,-2.58084747621448,-11.1465227224328
-9.12956970772377,8.48852431583323,-20.5437430785367,10.1972187897157,-5.16376006055237
-32.6279056216379,7.26907566579048,-19.8209974795964,-3.18568651551936,-16.0742862492745
4.47879074880439,-7.8302452709773,26.07762371924,5.63386198435227,-17.3838090338538
0.120569153770992,3.00962710003663,10.3296289205077,-7.60809916512475,-4.84836978270523
3.84713625752651,-2.75354955777488,-5.99820379170025,11.8965869156932,1.70925329800238
-10.4861848962846,5.76535681731313,-6.50941382715921,-11.5804627770896,2.98187549316979
20.8593404054553,5.11326115623121,9.40547063300199,0.965560968104611,6.92674775160337
27.13635086895,8.27497149317794,17.8383200643382,1.77742366494524,-0.870280940216151
13.1829440636886,-6.46521749178642,-5.85504140877732,29.0297792368184,-0.902320310874557
-25.4469879915512,-5.57083908113264,-2.4984187116553,-12.0335398530359,-4.46598311821502
-16.6261847937682,0.142444825471838,-13.7766432867811,-2.19747315494284,-0.0347840654610935
27.1126686868301,5.56409270170194,4.80906334555489,1.09347257840998,15.9370300624142
4.0945920556875,-12.3805243516271,7.80970255370766,4.81885384647448,4.41670374033723
-13.2459023789392,-2.47252863728132,-7.29850609188953,-6.46776051004484,4.74494315289936
17.5374459784881,-6.51991557999722,7.60371717622073,5.37300747265811,12.9650917317789
19.0572082038778,3.82336664161,-14.0721682842003,5.97637788574503,25.9843062034974
-8.44589648229706,-9.79065101742518,-4.09046997616303,-4.69782883896621,11.4787541285766
24.1943219160136,2.46087002937049,8.10590917724435,1.94893565787224,13.363070454436
-13.3914763259396,-14.1339436546895,2.42701795581801,-3.94612179944319,2.50924305459749
-17.8336066111925,3.0199230399301,-26.9701968438316,7.42164487027652,-0.704429269684563
-20.8610136404987,8.15343474905495,-15.9315207720956,-3.83390368173391,-7.75064520700349
-25.7456805472496,-20.2929833845688,-0.232136296395053,-5.83136183708395,2.99839619442792
-33.3686525565753,-5.4831027435422,-17.3543447744061,-3.70019356074552,-5.2638690314291
-13.7710831513999,0.746385043924944,-1.64042005184013,-8.87664648216511,-3.97488131361809
-1.0088692027465,10.379924884557,0.713128095066216,-2.1663290040443,-7.41881877685432
-33.5559424657348,1.07658516299392,-14.378954613429,-2.52939223426114,-16.4599418248659
7.14166298640892,7.57829611946717,-1.03011177686924,-5.68888244852196,6.37997272227
-15.1891587789664,4.0228603046431,-6.68066781018098,5.9313071583332,-17.973128235464
-30.0764072080325,-3.57215409703394,-15.0023824578478,-9.30687280199275,-0.562251757869713
39.8920036457315,22.3637668274681,3.02003269007471,11.3323592374847,5.4074799605982
-7.29905957965792,-2.62657380687551,16.2648859301869,-10.9122895118031,-6.09788364315616
19.4413068048074,17.4273308795378,4.0188907276573,-0.187519167552008,-0.30674533116252
-37.5340588629914,10.1844283404015,-18.8511614523735,-9.93834415696245,-17.4551707955943
23.8270403412727,4.22969876815553,7.47143220160711,-11.608462479942,25.0709650896813
-15.116483817682,-10.2964375154321,-1.43590870025937,-6.83013420022672,4.41759425492519
32.7253125767923,7.93307458744086,20.7681455731765,-4.45967619855603,9.11317827205202
9.9897086472483,-10.5267386512994,0.399825195088685,10.4308012214014,10.1563574404139
20.9453753262008,5.92197795437184,-9.89399686251171,13.758038948173,11.9894934162371
-18.1787121784143,-7.45371867459244,1.7557429682507,-1.61198649042621,-7.79039863415232
14.4596774329208,-8.91296824730006,13.0733749086319,0.996204806173318,10.1571406876049
-20.0692849866708,-13.0655132619733,-3.66944817129184,4.48786299122165,-4.45279031769973
12.6554464267864,18.1209845912186,0.917986629162765,-15.8553850994111,9.97271448861425
31.0144486491247,7.17735945478388,8.14665497063092,5.44268696116554,11.9349410732444
-33.0817132108435,-12.94769294056,-5.93431849601652,-7.77507160085695,-5.4243147927632
9.91722098414687,-1.37965752501026,7.70828746769468,-7.28884184072864,11.9336024126703
-13.290520455766,-4.1134312710839,-16.4955506293282,6.55126621912691,2.09408230393367
-6.6114123302265,6.79129107798723,5.91393833942483,-1.55190417325819,-16.956750073908
-3.62950964624547,9.62199204162104,3.95960398918062,-8.76554605220537,-8.44275869078262
-5.09489014490282,-3.57161332006933,0.81973778290767,0.629304469972974,-1.47394490609457
11.1404999946899,-14.8563276957449,10.1182262368098,-0.888502751721837,17.6806847966722
17.3025790707875,4.66975541728145,-9.35126474840696,7.98419140398795,14.690524233245
16.3991345683223,-19.4814016373251,16.4479034645533,23.2532566967451,-3.43648555707097
-8.24197779261678,6.20175946774753,-10.7826901413644,-2.93928865059649,1.57438743760319
-11.8348718381613,0.889236951154326,2.56176383446209,-2.09448858957826,-11.5048090433413
0.840465670921268,-3.62038535292167,-8.25754351227624,13.7939844428456,0.307669176308683
-22.6839205328736,-3.10546728822584,-11.6811209657263,-7.99165084623519,-0.00153016021363966
8.61294683259733,0.54621119697973,7.29252246055185,-3.40656466645717,6.00194178206965
4.23788532877167,-7.270831347969,-10.1717440626243,10.6236548413717,11.2819145503018
-6.99297635920299,-7.24316495809958,-0.419048059015675,-8.31584193878085,9.97894929593029
-14.7898297532134,2.20181222339246,-9.93338221340165,-6.89521618937572,2.7165111340277
12.4145369950348,-7.47162937984461,9.4009618420843,-1.81025831985061,13.3499848108344
4.59142527112889,3.19996055287447,4.21270956079881,10.707540916166,-12.1580991956827
10.4357252506473,4.37933755819313,-0.13567519448338,-8.40010104995031,14.9214666209037
9.44259272864766,10.8973624334891,-11.1196373461692,-0.545316857575773,10.5415315711482
-25.0064244219656,-11.3152685731261,-7.47757147774743,-2.50575398172547,-2.01527515802374
47.1111244862387,10.3734132171355,20.719844032105,5.5843337370122,8.77094906826069
35.9795343454787,12.726945607009,17.6890241278825,5.36339528077609,0.207912232682053
-22.2679092159007,-3.36467102427383,-18.1381399537803,13.2378524452283,-13.2183545896852
-13.4299877267551,3.20673145833571,-1.82520207886548,-3.86638316403715,-10.0502986563207
3.14383947845835,5.26458882436302,10.0256120167472,-10.4571932219188,-0.296487746642001
8.46994914951766,2.35627655650556,12.410707298318,-3.65352917384684,-1.32137653529425
10.5259564747321,-5.19053335614133,4.66364769663974,8.49732450843018,4.89509377501582
-30.1194205135039,-23.2912827064433,-9.28667434362105,20.5095873050472,-15.5365920665213
-40.937897916563,-7.88363409834513,-7.15943996667232,-12.729784617309,-10.351071226877
10.2253662128122,21.5053826456631,-0.399188906384254,7.47352405875543,-17.5587275673608
-5.56056592410886,-7.79815362624288,12.2768866217529,0.0746887159214798,-10.1644024844975
0.147921552233625,3.31967115273304,-8.48934947734103,1.01239454921205,5.67937702112073
25.5574791069971,2.12061323710062,4.74410664443975,5.84022742492262,13.7540095292313
10.7326591046623,-9.60341633506067,5.46732436940316,-3.38055242766729,19.1676776024487
3.65177132530914,-1.37095783163903,5.63516800491924,0.591289698265106,-2.59990610655501
-28.6897799977245,1.7954598019637,-10.8806697142031,-12.8529563865135,-7.03810121304752
-17.1959043037773,-20.4330540636065,-1.08056244330198,0.801641859957733,4.84152363554943
-9.70818374306778,-1.53208065720211,-8.65171219455257,-0.859851633611046,0.931051157321701
35.0724187889636,18.1728499746901,-8.6944230672414,7.30873377822729,19.5685235736207
5.71351270064244,2.46088399835865,5.10073444550588,-10.9996512718603,7.92801807109112
-22.9884777786958,-4.97386263280137,-7.69464816907076,-9.55962501508864,1.07079748164728
-24.1085987597611,-9.97553370745017,-4.74754646219223,-8.39879086621598,-0.523516824118072
29.0553477572835,-2.37950273438162,24.1871347323194,4.47681907963644,4.54215874687984
-14.5649737160567,18.8431500687415,-5.65948264011015,-11.7437100870654,-14.4505403349244
9.23328865147049,4.81250565926143,18.1509179227988,0.0374730877775018,-11.6909082165077
-15.6903532548857,-16.6445728568785,17.6915598284426,1.1723678979352,-17.1746505841144
-36.6066929257212,-13.4751683617296,-8.71414198160035,0.894138347740135,-13.2158155739049
-4.37758683500169,-16.7908560004748,4.06164414165995,4.72428278135941,4.81623151337556
26.4814508874239,1.15760255093173,12.8919817954397,2.56593452522462,9.76493886753285
7.1799882528859,6.36394439365235,-2.98689648756276,12.3949760343516,-7.19920268513496
-24.2346901695901,0.283919024869873,-16.7077500665753,-0.568616169048795,-7.09142182277493
-3.5859055452717,-5.40802634858841,-5.03345034088783,2.00822092544661,5.56419794963054
12.1698199612788,-3.72286075627817,14.2753491013623,-3.69610728533716,5.9057480387363
1.21504219610103,8.84704645780312,3.99858751820248,-7.81706124048052,-4.9007721296555
24.1450387168603,6.1243808043685,-16.6351040720884,11.7718416782706,23.1696327026652
-23.6275238792272,5.42103316937744,-16.8903976205264,-0.392070966143323,-9.59870603100798
14.1716605482693,-10.088510473601,7.29335159107656,10.4642536917603,6.80156397508041
12.6324252956157,4.75693966341647,18.3160748082292,-3.63881974327736,-4.69630470786773
-32.6638971236728,-6.03993457402976,-7.83192900257854,-3.01050753035376,-16.0030300122512
-20.9655192835593,-11.7443529737207,-3.70119863594727,12.0530975894915,-14.9594571380525
18.932561475389,-11.2057045176449,4.59092451687634,23.9230682442334,4.0220119165322
13.6658236042247,5.16114705485254,-2.79292600970907,1.13488125501422,9.97490911364285
-9.03004541027681,-7.78376952100223,4.18952626322454,11.0297863416081,-14.20795119738
6.26857395595488,23.6135986787585,-5.45317732851486,-8.21490744812065,-1.88966965807199
-17.5648366570842,-2.29966726943309,-6.12012173140761,-20.0151573040833,9.63070518895176
28.6483637969109,-9.60502765840426,7.80960400205942,27.0283737418639,5.06503867894933
-13.5797252847858,-11.5916982939887,-7.30097126786164,-0.492623660298516,7.27814308062019
-0.739243456716095,-6.90845958678842,8.80611285993066,-0.0321126559333973,-2.95662932058817
-29.4637359778666,0.200774613017215,-28.8409779101961,-13.0474355605032,12.5126458070844
4.33128680056995,-11.683481537741,22.6954360091111,-2.49965380143692,-3.08265034154354
-17.0202263503809,-2.2959678272315,-0.211219917212329,-8.8494947361713,-5.61379613077464
-18.3366584694589,-2.47070555837471,-1.81975725376819,-4.05103718016696,-8.11168694567375
27.0225478477827,2.18094720748046,-0.624616658704538,-1.08317926122577,25.1716846379182
1.24500252858211,-10.6080187200645,16.653013508168,11.1961377755333,-15.2410580802789
4.45184841205826,2.61233517862609,12.3070919670691,-6.43958024666615,-1.61071205330316
-10.4284407468867,-2.38098740954891,1.30562170292731,-8.55410370183751,1.59858416233056
-15.2549914144464,-12.3319534368838,-3.23835789398929,0.799817438224265,1.98899791862983
-36.3760922749899,-8.06000455625246,-12.7645459207782,-17.102092589437,2.05378263061762
0.331542456617025,-0.00154960962990073,1.15290867141574,-5.57387538390909,5.9450067423688
15.1859449883501,-6.46007805744399,14.1509354655445,6.44432334312709,1.34716755704934
-20.8811954410491,8.49520441215513,-17.7048601753424,-3.45044919678232,-6.45963716662195
18.5880766537535,22.1914584465856,-6.05111686101328,-7.83904073601362,11.5871854774123
-24.5717395832853,-11.589030962447,-7.63370869819748,-10.7208068156986,4.96928072464502
-17.9652415003631,-6.90696290321984,-6.78548700774058,-3.87824518353667,2.04887197195814
13.9829600281123,6.91060839663659,2.189539736467,4.79987898977199,0.929766877252333
6.9152159695496,3.24290324280548,21.2045931278142,-1.1185485219171,-16.5687117737875
-34.7087182610201,-10.8814631139102,3.04121407641715,-13.3535593416369,-12.2549311158441
13.3027243902989,8.95510366152745,0.789198788981452,1.46178709050907,5.32687490018349
18.1384906278694,2.28543603251608,5.74049824708768,2.74079840873293,9.34277815669751
-41.241665719844,-12.1697437152612,-11.4815144385516,-7.92686521848946,-8.76826248206634
4.06912888702395,4.93364694057079,1.37182018201272,2.65509611451761,-3.73676402321415
8.40371583375808,-12.6184312475669,8.65678350344507,3.64310145291609,10.7866380499138
8.75149756392837,-11.9160795958584,2.21840893699617,3.13531999080468,17.9093958309324
20.1086706061851,9.52642413524823,-0.220413794128262,2.25453546786154,8.7174566244527
-3.64685827314258,2.87923515158688,-9.90754507784391,-8.59601779443188,13.4356404216506
14.1795504531432,6.93193924505012,-2.77221965078808,-4.34520523431798,14.9693212004735
-18.8349779768948,-16.9058586410942,-10.3278686979266,9.45222119063295,1.01198096455344
-15.5490034154068,-7.91650009285345,-10.646989190501,0.50707520048692,4.78069731199567
7.85689510835086,1.58632608227914,-12.2943530761788,10.7605658445513,9.02495255755899
16.067085323942,10.1302939485117,-9.13040137510731,13.7201839587149,4.17021215143016
12.5664063198644,16.9730492706436,-10.6230823235312,5.56914542239075,1.94955009881165
6.03394114427643,2.25757030560414,-3.89129135504162,-6.14829184817804,15.3967059132018
-24.3482773708722,6.08534264059532,-16.7167819846414,-13.4761299805164,0.994629664981451
15.9839699518769,16.6731915003461,-11.9421911827411,15.812897393048,-4.71339073534233
6.72864545828924,4.83179861211943,-6.2784548793945,16.9888746873055,-6.90759417765229
-9.15998287432583,5.13854732637794,-12.8895530918311,-3.20901951410716,3.99851011309426
2.672432015617,3.56806206616889,12.1150046071253,-7.74642529273339,-2.64773458966353
11.1150507216274,11.3462735989543,8.93212017009845,-0.74300644840363,-7.02546245186601
3.29003594037219,5.70607733920496,-4.47737982885458,7.83167170847171,-5.63138315055665
4.17470725786176,9.98243548971406,2.09027312588408,1.79885116844716,-9.04371902418452
-1.46403300302908,-4.88445664358739,-5.04016591043889,7.6274243020553,-0.493946502183965
-4.90925507576648,-0.624928590507596,0.844329725346175,-13.3863109972456,8.20971403034801
-17.1643457749777,-13.0647879848086,-10.1156653341417,-2.8510422867093,8.05108107913827
-29.4811280440529,-14.8193535529018,2.11033293026681,-12.6867603272005,-3.5433276625807
33.977699212697,-4.11218854575548,23.8136784892389,-0.703021331182959,15.8220808935559
10.1832225082246,-6.18259550350993,10.1476320511286,-3.3564972901687,11.1260026062797
13.6125166054716,7.00146026368859,8.24711111332325,-2.3329058790599,2.65561719669358
-1.34527629770019,-7.99949605691017,8.92020445963302,-5.71477406533248,4.29241713962553
35.2033053886396,13.2821535388451,9.99814519689434,12.7243673805829,0.422560121248762
-8.02791710556203,-6.92124869580616,10.4764695053484,-5.30298148557758,-5.79837303830328
-17.373333168207,-6.59773943145023,-3.13648832972079,12.2741691418333,-19.0975582502373
19.3995582613033,4.65308020560289,3.20194940959678,1.46149631861766,10.7090641305586
-32.7073840804141,-11.3463202356957,-2.43585298647572,-14.2317346172243,-5.74844316552417
29.0274721368932,15.9411794497684,-4.51611739192293,2.74302000824555,15.0073909836538
18.3930949953792,-4.45004886974443,-5.61724113707834,15.2563943725956,15.0846541708691
-5.79458899826601,-24.5032985389434,6.59841842874386,-3.54903221718058,19.3976967882915
-3.65919355045328,-9.83095987967697,11.6165482241005,5.02318001007615,-9.88166801887011
-26.1372122176128,-7.48497909254909,-15.5125491096909,-5.47066746217357,4.04225117083763
0.463031744266903,-4.31497456032416,-1.41745900776381,11.932732640443,-4.51830831134792
20.393576842462,1.76221330264901,14.0606309138356,7.03082317176385,-1.24484254026521
23.7290608607428,9.6540565210523,1.68204267835128,14.5963695120363,-1.96358157820904
-14.0567234778137,7.78245781321123,9.39580064175661,-21.5940560961578,-4.80552261968924
29.3161072654894,12.7815121557818,2.73334587552427,23.3007346242751,-7.24080491112148
-24.7255253318361,-11.3599460656684,-2.77908097795761,-0.333411915063819,-9.61638524210902
21.3843807213657,3.29994392541058,-6.98481401361084,34.8213758077434,-8.55449339988254
-10.0334227302176,-0.888203989431975,3.55050183255973,-5.64753020025525,-6.34081004500258
-16.3703095786596,3.40862481155064,-9.09936931994541,-13.6583313488027,4.30893636544122
-11.4616974266664,-14.1445863622234,-6.47100766815586,1.90411019242001,9.53523242675337
-17.1391166467579,-3.93186756788795,0.684523032479035,-2.93361811473375,-9.75953619980667
-19.0317154503887,-5.59388137618153,1.42429724400167,-8.70913079367775,-5.37009218676992
-14.5233399210169,2.36154898285656,-8.83070877891966,3.72326177530643,-11.757061701827
-28.9156740085272,-4.51761448351771,-15.8647074202727,-5.76704424798447,-0.17444714258102
-3.29669531916385,-5.39224201861105,4.21911217945086,-0.0200514430763465,-1.74911003299811
5.57163773706109,-1.33268108724467,2.0625224051943,2.5555103333102,4.15771921551036
-35.7391092776868,6.30121036281643,-13.3422133225459,-20.4758069459958,-6.08691211527788
8.21918004039448,-0.00414741695777753,15.0408360005992,-10.5299145499649,5.83299438111277
2.01110126272266,-6.55928591157,0.997060583321283,5.52179597319664,3.4238706229968
17.0503843896948,9.42757340258759,-10.0354954849165,13.6596571701021,5.59162168206937
-7.19405773021378,-4.71761745766366,-18.712194101719,7.21600471030554,8.97947337963764
24.848622536095,7.57775942375123,4.55576508944836,15.4564705950574,-3.00457229462672
-10.8693675617713,-10.3130418171839,5.14533251460027,0.209490299564193,-5.02668852884569
35.0005330964621,14.9036583652059,9.06447913920347,10.4398682554007,-0.181450697835844
0.723791683805614,-2.50985634155897,10.9244424151782,1.53337713631536,-8.5622543498854
44.1227470485361,-1.01545514290518,18.2094082761031,12.0570237515851,15.3898068886942
30.691993774612,3.16452258586062,24.6470267762826,8.97076589571235,-5.82665044041191
41.824638479808,13.9588687686753,8.55147677979606,9.43191694878176,12.5377469236252
-14.6955920561872,-1.80282744596118,-3.95429686022827,-4.41366695877739,-4.89151345304944
6.8742525841587,-16.8489789869325,-0.914474277069808,16.5192366690694,7.72048145063274
36.5710787133965,-3.61981874663497,5.67197887988442,14.0074832775753,20.130979011406
20.9570575356498,-9.1760680440596,14.0693428212934,12.4546146499603,2.84396471993936
6.9121369628104,3.40579830347613,11.1440370494332,-3.11938371138369,-3.78818794832242
9.19905365673145,-3.91998416190834,-6.35295268864744,14.7447262828624,5.143441885415
10.5011982897336,4.32532741916663,7.94087376258882,7.47393167072347,-7.81522792936225
12.919269007081,-2.79304190190266,5.71147693450419,-6.6192412731301,18.2049889341275
11.3965724386627,3.80262702059292,9.26655019337255,-10.2800631565956,8.92635520986597
24.5751730357095,-7.85779767650696,5.79485408085769,21.4784204632793,5.96205271402582
2.79873279329107,-5.44981643105311,4.43084119068616,15.9544707121176,-10.0673622390569
3.37002310072757,1.84150093511457,7.57407157554592,-9.97696454097267,5.26541135990853
-18.0420030834494,-11.8400981320856,-9.12882919663941,12.2521906129784,-8.65110018500998
31.1736160181732,4.70697232369531,16.6389058245242,7.29430306363738,1.33474382925168
-0.620731511373255,-11.2137609679993,13.3450888312099,5.80757879334827,-6.8251169780419
19.5975221414642,16.9746208679883,0.648066210743555,10.6043446004593,-8.20222727613329
-6.98435725893529,-12.0805868294943,-0.0818602044452284,8.54336111629363,-2.96690555291654
-2.73883159682697,-6.29883411433676,-3.22814162872195,-3.35980050120027,10.7953771267186
8.97187528707332,11.8616548131843,-10.4953303066293,-2.11314150047682,11.2895694568233
12.2407412782144,17.6007121334646,-9.0962773374593,2.24369167398083,2.59289132477982
13.8312857609345,-9.17258913241796,8.83526305301948,-0.509355874173258,16.3966573945209
-14.6747123204961,10.9596334520364,-10.6414331530993,-3.61265819913285,-10.2852471850989
16.4124638507715,-4.17210213877495,7.96763176260479,8.38146977274446,6.28383006980468
34.7355670655405,6.95983214299014,7.97059151837942,7.90182321978225,12.0070220068405
-14.7798287120216,-2.25407932544695,-5.70768688841648,-8.17484940348059,3.38747065961878
-1.16166428214021,6.28471283155023,-13.2507806703003,-2.0572995348701,8.28825820142218
23.2587047451198,18.0432766034264,6.39726050741886,1.08571237866557,-2.53991050219995
39.0581220014976,9.20646526039058,-9.01482240720267,20.8183558807119,19.8181376508734
-21.3251713660986,-8.57370338327539,-22.1860705211646,1.72448216827887,9.79687150698472
-3.57994775266777,-6.52713007722708,-5.98646509183,-2.30111373722009,12.7413723104543
-38.4917569121708,-21.2119625339588,-15.8001146492703,9.23239930021081,-10.5066826533601
-13.4041515755566,3.00624901852101,-10.54500041531,4.17936661627235,-9.22874020108372
-35.1423005393054,-12.6022358784909,-1.95561421029691,-11.2741070674715,-7.25696398595825
2.64603697396679,17.1103104305289,-7.58605335177515,1.76802992518612,-8.3805871576239
3.10452210575779,13.7549796808134,12.8979587150251,-7.05921893083136,-16.8767906057953
-8.50139712205375,2.58786634633538,-12.9845733421838,-1.62096199372788,4.63494714059947
-3.99663935865302,3.63780580085896,-11.1229628028189,5.04934402110651,0.339070500952452
-23.6477954163169,1.63949759702198,-0.974630846452077,-15.3575133636949,-6.72865749703064
-4.17839747717742,6.85330435247582,-10.1641271507783,6.29753635528285,-6.76030633274935
-8.11509625293988,-9.84291133616568,8.68057648987107,0.185910995152733,-5.94051548773989
-9.41302623229314,-15.9658591922009,2.5332269228091,2.49729786170919,1.97936190455909
24.8318391248395,19.8271853995773,17.028622513941,4.23873697025799,-16.3849222905547
12.9665969881733,6.23445795691757,-16.0529635148257,21.8276630617291,2.57707307185364
-0.100748707702552,-1.25226173388653,-12.7200718404899,6.11621978949313,10.0795560985875
7.52541231075876,10.6644941591438,-11.161743750586,13.8511973391819,-5.81707516542697
31.1811794485524,1.74340682067261,20.476404795398,0.317932165824904,9.22190042271887
-0.180452147120871,-5.67931463366081,0.00214664782862325,15.6886073588287,-7.6406360809601
-27.0625994325856,-18.7813654566197,-13.8099684119584,0.665299917483327,5.57640189839933
-13.9650021080732,-9.76204918390074,-8.64393325435856,8.00362248334103,-2.83364936658582
7.22200246872278,-4.78062671076772,10.3001439707207,-3.71342039940617,4.16567679283982
-45.6802461885563,-12.0658607330861,-10.5208298228037,-6.21482340268381,-14.5278608005889
18.6978003881875,2.94271562244432,6.80293340997607,0.743319033085095,9.76794796374813
-44.8770652763093,-8.33581004940263,-11.9161738785595,-19.6949825547884,-4.7096883636081
-5.49714033210162,-4.28814201066496,-6.11929120716022,9.34541154493478,-4.16161386620706
-3.17387109890341,-11.6186274632749,-4.01380320112052,6.41126375701312,5.40985749021418
13.2342012932674,2.041742251756,1.5621404667015,11.0651705837104,-0.486608986783746
-29.4207962557685,-16.9187648760381,-12.229676242998,3.09247699554877,-1.01834040493177
4.26114618683128,-0.0930042386199036,-6.44118150457089,16.082164248133,-4.28202923192999
8.76474943029068,10.4469061001512,7.20569589794992,7.79145583859359,-16.8060207984459
-4.91725642245904,11.4440561486681,-0.68297310047947,-13.960595174074,-1.39112105926198
4.33316008767435,11.5325307764763,-2.04035506562793,9.59280259355354,-12.7632710790852
11.7621233533023,4.35615979684581,-4.7624479603926,12.333819260796,1.65592400851832
3.24280381713865,-7.05341275144998,18.5781825025162,1.09255321872525,-8.57823536635107
29.3546114786156,-1.15734127470965,17.0161659388129,19.76746240723,-4.83300431309799
-4.98162879291779,-20.7750800768914,-7.96387576155,10.1657283811573,14.9144798947113
-32.6908935439583,-1.71924157433126,-13.7034860183514,-10.4939918890932,-4.94123373206837
7.33365848019423,13.2536362077935,5.33034922225127,-3.22511243878749,-8.84484541098464
-3.4227290581943,-13.6481001133308,13.975829312006,-6.26264643738254,3.19679885968968
-24.5398079440474,-6.31051516254442,4.12916017824579,-2.11670047069659,-18.4227404549673
32.6389580209635,11.5280174242233,-3.40846689230061,9.00678155465798,15.4862366963983
12.3022123647173,-1.13109612695014,4.55802296339142,7.21925166810138,1.3947552055428
5.96207467638944,-8.68489125782873,5.4920490666021,19.0322695468483,-10.3053967791239
5.45643491675728,19.0891222322844,2.92075668683705,3.27765975311802,-18.5845674263791
10.660193417316,10.0705964339763,-0.115598899130039,1.01439729517745,1.52498821714144
-18.2101902369689,-8.96679597470257,-5.43337620529646,-1.55703285460761,-1.00166137004558
-12.777042252221,-4.44986656499429,9.23383425688277,-19.7021419757886,4.96023649107579
28.3248376773853,27.7877511025273,-2.49348260788194,0.730283850305986,3.52330164034496
17.2919070045421,-5.50464310910881,27.4000936000043,5.99144436077459,-8.20042958281497
-9.72843239743675,15.7860694471014,-24.7059341157947,-2.10219141483504,2.39825548331602
22.7519573194788,7.13139670061465,6.28161958161809,12.1512677111944,-2.78580494200541
-8.59994258779721,10.9869519483798,-4.48981130923639,-6.349525849965,-4.92248869696266
4.11241218982352,5.20183613000822,15.3853448894649,-15.5344423093838,-1.18051558854546
-10.9618246423959,12.8442756607652,-6.84632099762806,-10.1218560329275,-6.12960678231842
51.6261708918629,-7.4491435735815,25.6368353667987,13.9347339290414,21.3774051093585
-4.86783635872404,15.1904326882847,-0.146331255183196,-3.80448055785418,-13.9818772130691
-1.01646900066287,-1.37292382651429,-21.199664718178,16.355941339429,5.65944547430498
3.43698201459769,-10.1895930119664,7.37442377962337,5.20551499086965,1.389824556873
30.662397649735,8.52328630907004,17.1021121872231,2.96440725840586,3.45309693754404
6.68954811971136,4.34954698983568,-2.62654583555528,-2.15812360517009,7.2286840416919
-8.04117173534528,-2.91543041592311,-9.47483026011839,-0.632953110749021,7.95740066188835
-23.0524100922691,-2.10338114430483,-7.83596097240289,-13.7151402445778,1.62468082508835
-20.290668128699,-5.49205789193994,-11.9751856488357,-1.31369578571455,-0.28925166028631
-23.6623211087577,-10.533628613809,-5.74617699952421,-11.9026655551344,6.29783973438709
4.08372197738599,-6.25342501570221,13.1920992290758,-13.9087298993921,10.6575271429973
5.07958113421101,4.02872562908888,-18.6505088510302,9.9949007592317,10.783108823222
-29.8889089986222,-8.00946362050898,-4.75112382441,-0.520170204300353,-14.9179467770962
-5.76886795172991,5.38614340805832,-3.68110386518911,-10.0566537111468,2.97824378938425
8.11309113544169,-1.40576693687786,12.4022386171751,-1.69477507408273,-0.0298403384197174
-17.095860020936,3.63634869822906,0.403255179770069,-15.1098288462641,-5.01735522167517
-26.7579461613729,10.0366206439987,3.01104650776143,-20.5588881895714,-18.464561844765
9.90545473064236,-8.10607490308509,30.2956450078606,-6.96646350553467,-4.51247441221024
-30.4910514557515,-15.4883703607879,0.26150489882624,-3.87814514670205,-8.85019370899376
-30.0463763776552,-2.36233556652619,-3.86327061018268,-9.52985671866661,-12.2739527664913
-9.81257333302931,-7.12319383990271,-2.52760902223912,-3.30924462982077,5.45352284995137
2.53083118033322,-8.28190995624319,-6.12541185306305,16.3197766246797,0.333471827533027
-9.58553542739036,8.77386829380423,-2.15864172252283,-5.80313469592516,-8.86268291902129
-27.0598714055255,9.83218233522548,-9.3428073572665,-10.7791487121488,-17.1674902929607
18.5917869261937,9.74800559247427,-1.41142781327286,9.190764111512,1.14740921514878
-25.0812800612959,-6.83277576159847,-4.453580967045,-7.49934558745562,-3.61207733460974
3.60248473662869,22.9138799925277,-8.81082049080313,-10.5766690230805,1.15048708439573
0.618231088327131,-2.10810856931538,-1.21552104631306,5.53211311983789,-0.098062544187456
-6.79057472578187,-6.75331377836029,5.6858584967624,-4.50963497527505,0.421977938542914
-29.7995437103215,-6.28682144912607,-17.4754106251599,-5.54522638807664,0.370464439677473
3.6358770218023,11.3336596240621,-9.71593929249721,11.0923424059281,-7.93145183117927
-3.45604877787223,0.898572472941402,-10.2363602600786,5.52285906518238,1.00768878839744
5.13368238894771,9.48675829850624,-6.18643277880742,3.62702994540297,-0.655758690552607
-0.437677787790575,-4.77094805262946,5.74763035384939,4.47405416406472,-2.5845542698891
-19.261036624175,-13.5953891301225,-7.48774757468944,7.0239522685016,-5.17742395727241
-8.65050476219186,-15.2788859648524,5.44312555942011,0.0878390430396969,1.67056210077812
-10.1909067568139,-15.9809467234891,4.37379440400667,4.43143497186671,-3.55062440564929
-24.1551471007501,-18.5133511603744,-0.127398919119141,-5.14099296343021,0.22337621950631
-34.8753470078339,-5.68707358280181,-13.5623696591285,0.86704956692755,-13.519786283903
-17.9572747036113,-6.8065003981542,-12.0292960358666,9.75149808992809,-8.17613548148466
32.6471109126705,-8.93949287824978,10.4012213713977,8.39180858447593,22.4902810166691
34.5147620406238,3.15392914736422,14.4387257491059,6.77350325786885,11.9153212531144
-32.0434740629086,-9.54773196125688,-2.9419505254607,-7.00930011776737,-10.8126611935163
16.5423050873951,17.9907465385902,2.96694466233317,0.930441181378237,-2.95282168879373
11.5499574201904,-5.60017706179808,10.1073941452076,-2.22370311558147,11.1857594708599
-13.4800582027336,0.274580852526453,-10.7630289204202,7.55050894108897,-9.04748793588531
-14.9546953200504,4.12443053356524,-1.60635977286654,-9.91969716013978,-5.13176439079761
-11.3266559758849,-7.68933755108626,-19.3535854783936,-0.546879939667434,16.6146803796958
-21.7293297775429,-4.23352422805572,-22.0538598540293,3.36792551031356,1.03617678265488
21.6367705239231,19.2026164909478,2.28406168538076,-10.6154764503885,12.2894758045049
2.8294603356377,14.7251458674607,-0.890564261661313,9.8912989193503,-19.2719259716851
-32.2804066370698,-27.1349137920988,-6.12575249154474,5.18188723075247,-1.69772096032316
-12.2734591410156,-3.00760757098412,2.03738762731185,0.0158538282079699,-10.8191683501616
-31.1666280887874,-0.981246617102827,-13.9702252245575,-15.8239645015106,1.86653301656416
13.9278485884695,4.99647202555799,-13.9078834329282,11.2006002587842,12.3586609287349
21.1938299262909,-2.51503095219782,0.692320449366124,21.9437091839443,2.53539213671485
8.9860028168702,6.66187543096308,-15.9248397889316,12.2152389152643,6.9076705120754
-17.6079640597723,23.3769628168263,-15.2386759196815,-26.4978640754547,0.331589605817426
8.62181275747952,-2.79982281274749,-3.72404563197665,13.48285158745,2.09765195670054
16.6615806165051,-11.4404494653924,4.93499352640982,9.749330401586,15.1436312263054
2.35039101570497,7.77475453079332,10.6891586746222,-13.5875876812805,-2.11840566659858
-20.104721955251,-0.962019639672588,-24.5679962412871,-4.75436868446684,11.3950314702742
-8.88876161657369,-6.91009147768238,10.3300483816319,5.30288053152517,-17.3525865069436
-26.7913323306702,20.080114670946,-26.3978761366948,-9.20832789416939,-11.0019168892627
-24.2470745878573,6.50407121476911,-11.517341437777,-4.88464092602555,-14.8509961772665
-5.65643834115052,-5.21272029280139,-8.99885798611485,4.9189104650048,4.45800280571172
19.1338643936121,5.71476204777672,8.35744596854866,12.1230655486099,-6.10499244893888
-39.7076927674375,-9.58830348496269,6.37561189487989,-16.2464452427621,-19.8686371637482
-23.3029036830434,-5.85254541974974,-14.4488101019888,-6.20102705567489,4.86172670714012
19.5732962989648,5.94888677461137,6.03864332977661,0.990186984362333,4.80963631174491
33.262955273654,3.10767069226831,0.0135326016534353,15.0037429297799,16.0546114178689
22.0985924898319,9.65299359962788,-7.87212724419305,7.1957210732741,13.2786449599711
-5.44918262853754,17.6254243731626,-2.57845778812849,-2.16797978159185,-18.6864797077376
4.14547121614017,0.0900378510359785,-6.42712756247628,2.74954465265046,8.53019318775435
19.1469064454077,8.5281058459668,-12.6160821818904,15.3006843913615,7.52208271864598
-9.61623868752314,6.31571858518687,-16.5338608389239,0.0787024118371389,-0.982596402234285
32.0253021576037,-5.45333364191469,16.2845913792588,15.3635588155756,6.69353086097711
-12.7226588401874,7.78194094533604,-23.1603049571191,0.564678307090293,1.38463927427662
39.1729405919569,16.6477975263843,10.7031078661075,19.9152147586449,-6.89391081157907
-0.721106291694376,4.87660224139025,-0.491466874909054,4.22232158454979,-9.29564474396966
-24.1318070378189,-5.567415835483,-1.18096901891051,-3.46350427943415,-12.5664559061355
-2.05177260613853,0.520066183099538,-5.75889870264119,9.5252290148588,-3.9717028702471
-8.73323449289423,-0.0141150530131115,5.03619944662285,-22.5724751112762,9.14249607597428
11.9694090579197,7.00381068374186,-4.40157809144104,-0.832875779333379,11.9847922798535
-50.1586669462393,-13.2300572598811,-19.5223807480311,4.7755739884686,-20.6580252068116
-14.0646008771359,0.960489749951255,-11.1918877290707,-7.82935221175252,6.51634537134157
-5.15773164152334,8.2469757779375,-9.89793085374727,3.11934308067484,-4.80609642644001
-40.7945528143197,3.1825782484711,-13.7108170006623,-14.0675966943251,-15.2554668000407
9.48242103683348,6.10960141564051,-16.0308542625342,23.8977145565258,-4.42971872194462
13.5588366607196,-0.345872428673659,-1.70405332353823,0.552013785425821,16.9917603016537
-13.5971743986749,-13.4364281724458,2.44556572819617,-4.09086930783908,1.0150390306621
17.0523944522511,1.3451066986473,2.62836928163338,6.6731076781328,6.89191104900735
-23.6420723563376,9.57118888279541,-16.8969036108656,-5.76551418117882,-10.8446776143475
-31.5001209715365,-21.5734116882776,-5.47812128033724,7.67105654231075,-12.1405516765163
-11.7095404516454,-11.8007404787627,1.16358214689902,4.63865720021719,-5.76166485875734
-7.09430172416289,-5.39686170761845,-9.42608912130168,2.25304266986948,7.46094385105024
10.3948701703081,12.1605894640175,-8.26133029063918,6.24587817526737,3.57916733231944
-1.40470154684252,-11.2554219731715,-0.192235552653833,1.90834000269277,9.01526186320973
9.87031919433791,-15.4339022959914,21.0560195915895,6.59843068521053,-2.03228991868482
5.89618651676345,-2.27381281538772,-0.789667172157368,-5.63981562013165,14.9784341256533
31.2996169199077,-1.14182494059575,6.98056834188246,14.5327192243074,12.7390523391735
-2.2986577247159,17.9261950743333,-15.2752280235773,12.9387604518511,-15.2314202731541
-23.2026177364984,-13.5013886889905,-4.05651680557005,-7.92362524357119,1.39715660895719
-17.5241032744458,-9.75380485255986,-1.12712665552306,0.543490758272724,-6.7197603675182
34.876524553134,-14.8394881431096,7.20086240500292,9.04255487991222,33.0331278560506
-3.95144072048305,2.0835441936314,0.917051458790629,2.60047715728723,-7.96953453403932
-23.2091055358444,1.96245610014012,-8.74843480697538,-16.9758773302196,2.83788667714193
6.88954753975161,-4.9801262118855,10.6620006600249,6.39983282041382,-6.14051155310286
-46.2667279792969,-25.2833054150575,-3.59390937775717,-14.0505769094055,-2.18269104235042
-24.6528323268916,-9.1245676128295,-5.04471178449424,5.33740725295675,-15.8945664503825
-7.56465059100725,10.4930972536444,7.44801030127793,-17.4230195434661,-6.33325218462088
10.7780939852944,4.55773175547091,2.93583879325323,-2.98826445295213,5.36106822284953
21.2371285994591,8.70790439687175,10.1360942855761,7.84143516036012,-4.89412764701873
-1.09402681826019,3.94883295124913,8.42231047891319,-1.49307040926979,-11.4484466703228
-7.16787813823396,-1.74180576012293,-3.86052303543868,5.23367992916712,-5.4935795843487
13.7048758056817,0.408250038354676,0.19761712252113,4.47021084922965,11.3686670465535
2.00219460194593,-5.3979620995738,1.57442296418938,5.64301731799408,2.88184241317817
4.52062232659709,-5.34270883114279,-6.92015510759531,17.1449770361313,0.326053270394471
27.6345029769665,4.78701593912304,-0.62345572017031,2.57447292194086,21.4759109016851
6.02811348418199,-7.74982426317416,-6.96272418571371,12.0444792408863,11.4423121383091
17.6324638952854,2.64582025050013,3.43073706649151,4.84286565225624,8.37480207098559
15.1462873595653,15.1579618520727,-3.02730867762727,-4.81852329809192,9.90001357907278
5.02836249227767,3.56266517103735,7.00629794628551,-8.07686692415414,4.88894703291575
-21.7151128966602,-12.6506363561151,2.93851128392228,-12.714154637252,0.554537427598081
-17.3180960267006,-6.19670884544672,-6.79047130389554,-7.61326979198837,4.7534090958139
-14.9733510160268,-2.92039028023773,-5.37253380890458,-5.43960356157783,-1.30100534131662
-27.538278990371,-8.72353582349149,-8.74757738060677,-18.7057614230733,7.79534201249243
36.1277893302001,6.17551852584408,6.84921571298211,19.9283289074384,3.67417541066922
21.85795043321,-2.51324914769312,18.1000803670813,9.28748340054424,-3.63262208077827
-56.8055207773619,-17.4358814589496,-21.4007154472786,-12.6898126850698,-5.37565686936726
27.728830999922,16.5941958200429,-4.16446863211078,1.75491001268332,14.3722192163306
36.9572638169569,8.42487273367892,4.1688016294787,12.3163590690913,13.7231849217724
-2.39744004702438,-1.58663095291673,1.85205801083759,8.22158568840947,-9.98052430588708
-2.7536698953852,-13.8502636203468,10.0730933263408,-1.88421895611293,4.37632635655987
-32.1293237080854,-13.984594745399,-18.8744437749392,10.1652231703974,-8.26360043945646
-5.49339074759778,7.41217465872698,-18.3991296529998,-8.14426684099856,15.0654957772737
1.3152147856912,16.367769450815,-6.16366647730217,-5.71962997722569,-2.39279875569324
-20.0979016455342,-7.46302213762371,3.51648490884119,-11.5179578244259,-2.02147679506975
28.3668392256061,20.0267019209906,6.98441912369682,-6.0037841309332,7.31325604228376
22.7845866646977,-0.872090545845052,7.33820129250397,22.2341518649959,-3.42735160817932
-26.0123875305739,9.21881011961991,-0.957193993330916,-17.5027206389689,-15.4063170376152
15.8584992360768,16.529898796339,-6.72549388340363,10.7237459697326,-3.78989094518747
-4.95815495694455,4.68470784912346,16.5248880888678,-12.290794244111,-13.8490312792164
-0.505596790467118,0.796419138578027,0.50264594321261,-18.1457306202985,16.2863052616634
17.1013474865224,9.20704647144964,8.39190331515186,-3.33983042925851,4.30673243795591
33.4790567928327,5.08159425507926,19.3470692225773,16.8391247542998,-6.60135488523388
-30.8806948088937,-5.09342971287641,-15.8243576289184,-7.42988372943248,-3.07742305216777
-20.5138666274047,-1.35244512549564,-2.06316627621834,-8.24373765628914,-6.34802545091713
4.95741853143104,4.33440362708003,20.5216786385049,-13.5556778950024,-5.78417049844785
37.8778500765602,14.9605856680598,-0.261233163361339,12.519939178361,11.9723873283447
30.9657699659925,10.6055846164076,12.8696935495572,-11.054159471024,18.7536438394534
1.3331816200782,-0.56799296214641,13.294949316767,0.0841469475518984,-10.9142830329254
16.0332563611891,5.03519550584516,-10.8190488868921,12.4326567781802,9.90271750212622
4.06791594299334,22.9352115885601,-4.68410485989193,-2.71131769478557,-7.9627160885924
17.8185409709001,8.63573937592787,6.05379844984216,-0.613138126593962,5.33693541919998
28.7347570450295,11.6805520385184,-1.97816483898304,11.1268414709058,8.92737828007741
6.90732983486857,1.16133503354244,-0.773476826699097,5.09034614824017,3.73965000229402
17.4713237322492,7.07583885873403,11.9051282556967,19.3206332397768,-19.5581310673049
20.2935398454901,6.03744066556641,7.98044441089619,8.31798991247155,-1.14603767842913
12.0602425559223,-2.54929473464407,14.2486830230754,0.243437678562599,-0.0736121048944441
-62.5079953386793,-12.0721128065617,-4.57277292343564,-4.40075047104003,-40.7996980330386
-7.27537738691512,-13.7784741742887,-3.66983113702317,11.4405523298919,1.01659668807647
-7.1342794003495,-5.13390506799638,-10.6526346716225,-1.01834297351753,11.0193911695307
0.441460253128128,-3.39927068752586,0.327405867372458,0.385335721142462,3.59590737010875
-2.65776438374217,-13.6787914786751,15.6366373549992,-5.32385441962611,0.699326167208586
2.34613177139723,4.22288019374826,-9.65703889238945,2.92504226487463,5.31717960965444
6.6764897969737,-8.9205756980183,13.1531432735248,-5.98374173710125,10.9024831031261
17.1044462004259,11.8163776416552,-1.57665385614122,1.82117894825338,7.196551391955
-1.32677024871354,0.624858459423823,-8.62510103545606,7.6602103159158,-0.213890114059714
8.30545334005925,-2.04569614210126,5.79584730105772,7.86046500506546,-2.33527253788974
-10.1392689450772,4.31231412325285,-6.03820377036773,14.8888216932206,-21.8538526993076
-7.26704722786609,1.73573168488545,-0.458740129339203,-7.5951671174611,0.452269419004641
3.33029571778293,-6.35557166316356,-2.42441347691882,20.167575603703,-8.86779997293245
7.2586887551878,6.16630642078669,-10.213834800825,10.2162921885081,1.20276689272221
26.1777773210159,16.8649573946824,-2.04147026160201,-1.42379668943901,14.2479689632202
-42.3517020581079,-17.9497517840194,-19.9834745113022,-9.75043254484682,6.79282417371791
29.8143090016318,-8.0836813941996,9.66623976760316,23.2405339323212,4.82692740420568
-4.62896102130077,10.9953555211257,-5.5766569166325,3.5635361173364,-12.9129663255923
-11.4202115026785,-2.49948531393786,-11.2813647546549,-6.69704942384873,9.79062722548195
11.0502098507431,4.16308134772538,4.92660325437932,11.6991668003661,-8.57950156152481
-23.0136235750803,-4.53312369214303,-19.4669102521024,6.78767382531048,-4.84448326552454
-14.0905208063155,-0.889926422486257,13.2813894754274,-4.5837207349428,-21.3546142247349
-29.0214739981777,-10.1670771364832,-4.54762407366871,-3.7532711200991,-10.2895165187542
-41.953797436706,-12.5344837570193,7.0169347579048,-19.5267131559099,-15.3834637282824
-1.3704405441561,-2.40076657944641,-8.43133978534345,4.70457159362239,5.80209665824707
23.882727788272,-9.27988782409871,-2.34042984357865,25.5009515537274,13.0831212522679
-3.29793265900592,-15.4177744450088,2.29673276371367,8.36831383438384,3.25000029624613
-23.6644552724906,-12.1633426225444,0.597125768054085,-5.05513949182117,-5.27479803964872
4.90261686756441,-1.9126736582593,1.60719131689863,7.34577493776749,-2.27959392428437
24.5016762472684,20.7165556776258,-4.75009188455653,5.72973772686897,1.97689375632975
2.43665548250137,-1.87835504457931,12.0963844695987,0.726987753560795,-7.93132887602712
11.6484193157068,0.0488143182010246,9.7534910631712,-14.3585150794612,17.1624503804855
14.1263193068772,20.4276552343953,3.34788157361982,0.694973796109857,-8.44865668499714
-16.5364089562576,10.2731933588668,-4.6926953825301,-9.08136962720742,-12.0123965624135
26.6977964480468,2.28897974193696,-1.11185876187144,25.6120543852856,0.425653116719004
-20.4880649075701,-4.13119859063671,3.55901517616006,1.85976631275995,-20.0611493842294
19.7473632929942,11.6030288699861,5.25318665939434,4.56274524726841,-0.803188072024851
-8.33368936314943,2.44354075532403,-12.7865055380741,9.71260812754623,-5.72786383747594
-22.1803226546897,-23.4044059471484,-3.25194025038993,13.1870235023225,-7.30495113059372
16.6519003624723,14.8146333388619,9.26781812954537,-7.32105197816704,1.28018755365166
-6.55948657418273,-2.69213503709959,-4.01360605728,-3.35891945414055,5.22412519431034
-20.2037595744772,7.1586597194404,-8.00137843459251,-10.9229146535668,-7.28061976101274
-22.5270599947793,7.89411654523135,-7.47475366414992,-8.37288260653136,-12.2308211654101
2.21179906964665,-14.7361710341694,-6.31612296191354,10.0666445731894,14.3383504342256
-25.6848711719069,16.8577152558612,-10.1317912185129,-15.3899439988231,-15.3301701989032
15.1358054033825,0.217735519408765,-6.36081458496887,9.16195584567747,12.1664940459177
1.11596515748221,-9.31811812462337,-13.5146923559402,12.5209502192657,13.4133504391497
-21.60446155797,-1.13137659424165,-1.61105672521473,-12.6194548210283,-4.81658131159625
28.326854465282,11.5064744499955,7.08174756155535,12.4646203290953,-0.702910998722369
-2.80062363901434,-11.7709124335867,3.45102794547599,-4.10933725246799,11.8743203418153
-5.99819503793762,3.60150162624881,-5.8691908557727,-8.90892975431434,8.30786341612466
22.1338151767717,5.69459988143366,8.87913033803726,9.31643496995619,-0.337881513706282
2.13805387034998,-16.6775912983707,12.0164175378989,5.80996585719414,2.62604952291425
6.40653552926814,-1.09986389635459,4.57060650526741,4.79702388996182,-2.00083096727838
57.3014193481339,4.17289325815071,20.1101206688298,13.5884754151264,20.0978294747354
-12.4814434282769,0.340000509612735,-24.3434741979827,13.8268323257961,-0.988522101232584
28.2991928372068,-5.30390625768632,4.65140010142563,1.67760963574165,27.5972056810113
33.1175473197156,20.4815407104245,8.21635264377076,-0.429906048523985,5.10643463619007
20.665373998326,12.6984706780648,4.10028197720024,8.2919258022041,-4.4229357132335
-13.321243061484,-2.01370852588417,0.358636240179209,11.7450323446824,-22.08417005784
9.66724688190761,-8.04357915433367,-0.86551468877247,5.53087994811703,13.8126107838432
8.1226398451659,16.4276258105077,9.29244859168006,-13.5687201872063,-3.61180044141012
6.38897647340164,14.5495216256813,-17.5600806476414,2.57968985241217,8.33522437857064
-14.5386509202051,-1.18780719931331,0.019317951671053,-7.0856417570606,-3.86567970600736
-33.5672485672965,-2.54583935956502,-16.8044668497279,-5.64669952205451,-7.47354133961563
34.4804611469244,14.1269030929505,-6.57731372353715,10.8805822090718,16.7006860041957
-9.51746813518245,2.79555470374967,-10.192335048219,-16.1392356555011,13.8732280389284
-21.7278858930888,3.03049954928099,-6.02162167144356,-12.1295719858586,-8.171558128237
37.8586922668099,-4.38168606636842,0.649087748941784,23.679188529867,21.0033865239857
-13.1705318073888,-6.69021979733185,4.9736282578261,-4.48335161518791,-4.27083529180806
28.6073785349548,4.74794007058802,12.5719364006672,8.86358573316364,4.68988308957399
4.48523125902182,0.294018270390594,14.7171843451858,2.4878431698804,-13.1587416161218
27.7528736324678,-10.4560653621542,15.0397730409282,3.32370350083544,20.6422431914248
6.23623191141733,-4.3696017710325,6.61572409110883,-4.46013115180758,9.33801551378562
35.992509733805,8.26702399375981,8.14278694907848,5.78015459585331,13.5282366393682
11.1233294127969,1.08380356826044,-1.50161238902342,16.0280913746973,-3.44157174892807
-27.0042619331957,-1.10067026643275,1.34163572725586,-8.95093288661139,-16.5484119812031
-14.4018663034126,-6.05143492242787,0.297835546618632,-15.0477208571095,7.11756530172266
24.7563248517501,-8.63320959804919,9.81576019563291,3.81148322646896,20.5252178416083
-0.322968756341247,19.6458127588888,-0.775893025553038,-3.53935455997882,-15.8700596324409
2.38418695555621,-14.9825760976545,5.87242410191334,3.33078001407896,9.28456428778216
25.2997069243294,12.4534278198661,-7.91553382078415,-2.66001596630823,24.0373330267964
38.7092805893437,16.3200858972853,1.2261722405705,12.5673674620157,8.94915479934638
20.1434988008114,6.38611398247849,13.0825755084402,3.18007028398839,-1.97529568009104
-37.5198063435539,-21.2640585624155,-10.9403021509758,3.71615972421925,-7.19723206430529
12.1020712664636,-0.541113482177309,10.3485025561756,-1.18012405294671,4.64164029545799
-16.0892262679853,-7.90616003000325,-7.00098240897739,-1.02836413569124,0.589588751808064
-37.1915404373611,-5.59768260331234,-10.9399184844869,-23.1132465806887,5.2624998355458
-3.51757348665973,-19.7384813103738,2.47548893843488,11.911032315901,2.8341605627643
-3.25207423821151,-2.02972255782522,6.25987527797062,1.54986749159632,-6.69005079401046
-12.4067525048203,18.4046690488055,-18.099198428839,-6.07522815172759,-5.96315019296859
-1.81964082221521,12.4118952015326,-2.46404830378675,-6.99153877365897,-3.96551713273837
-6.45757297450002,-13.8621481557765,1.95537294206975,10.2122170293386,-4.03371859580951
13.855684335874,-7.09629910840699,-1.21493013561007,8.89703606532212,12.3043798833872
-33.715651213367,-24.6885652488357,2.91363599475802,-11.1176260756901,0.0142313745697587
8.95264311650117,23.2892008724754,17.2215159623424,-33.5338556838614,2.60478543034843
-12.7231263990236,10.079425359836,-8.13607127005647,-1.7658953127163,-10.2308677064155
-19.6267792604852,-3.38910799056268,-15.0445178098081,19.5025586813036,-19.0910777215683
33.566738696338,16.0363291667114,17.6963601200889,-0.8463915822474,2.40608518872054
-6.05006925708223,0.691026361654627,-13.8671549402851,-0.489520418117952,9.64552873584524
-4.40475225902098,-3.36980857319817,2.59146135510057,9.08249060366427,-11.1630289361503
14.709103989531,-12.5198300645943,-5.77522533874388,14.6350478241846,19.3621901410257
19.0325186887808,-5.95714679187019,22.731530252237,8.13863695244297,-5.07102204539579
-28.3089752618336,4.06960237897734,-4.5389219623952,-10.2054661571189,-16.9310068652024
0.239414979008392,6.74527594668745,1.03753856696333,-10.8649019860151,5.17590912265509
5.3491214350157,-2.65622067142057,20.0159488150658,-4.89748909315936,-6.08450530402818
-23.9326807089692,-5.30044858491022,-3.41492372566675,-9.8331653901312,-3.96668043677231
-0.732757338541082,10.5975652022545,-2.16103632547734,-6.44273429847529,-2.06249208920579
18.9541479407131,4.51236500324889,7.67848893163899,10.7473727832848,-3.29009821877995
-10.4870164368881,-0.667913345853786,-3.67319409785014,2.1355047719981,-7.95587185373157
19.9261267720567,4.8705926354889,6.43296863458545,2.27490411457537,7.2307308509083
9.09794426465195,6.63131576919993,2.50600792049149,-3.4676159458193,5.9246415851283
-1.09331608788456,12.4848377029228,-14.6226188708846,-8.76813691438912,9.82336620495082
14.6333457196102,-20.4007154483293,6.03994574312157,19.3114926040671,11.5973654796149
-6.23266269335533,9.43535537571446,7.89261782786021,-27.391802729923,4.52756590565083
-12.2943326762372,-7.44044834288165,-8.58218397317194,2.33363155537451,1.29521030667993
-27.6066532695814,-18.5518769747395,1.91236976101583,-0.803758889332096,-9.41846667941006
-2.10194469669085,1.34297373166978,-11.6170051815849,12.8200105823944,-3.77031036797156
-43.7156725448857,-9.70946814967492,-17.0978635918931,-13.9165920120746,-2.04053631238502
-6.89143544619263,-5.64782283810096,-0.617768734821139,1.4285293925086,-0.809128009024018
31.1723303337001,15.8707553550501,-14.0011604914197,20.78325150212,11.0782814082619
2.20208705890136,9.24082648832395,-9.25593634246603,-2.88918998423619,6.44606632767668
22.964669619335,12.3161109414625,-5.0623239013366,9.92094714944047,5.39822212169012
31.1473974714807,21.8293939820959,2.31139472459052,6.2569361654535,2.37758917120155
18.8990060615736,9.18854449975869,11.9102495151681,-6.48795909622882,5.71997633443089
-27.5431945803842,-13.5878865487657,-5.62559519050576,-10.2657016822975,2.2686571196566
-34.3166197375366,-10.1348407538449,-3.04044411757285,-12.4014972983778,-6.98569883316749
10.227080668946,11.7852824502656,-5.60895489340267,15.1432459910899,-9.11015088045547
-9.67158294763709,-25.4842786127795,21.2574115500539,0.61347043170318,-5.31904552329201
-19.9357813803268,-6.07525273593079,-1.74426596749233,-9.42700798232161,-1.74896814866669
-1.35589509990514,3.17554690191554,-23.1540441640781,9.65248104224049,9.60104646975357
-24.9822865149359,-10.3691398807055,-13.1115729144773,1.93366249128924,-2.5625745703123
4.80068231988321,-4.40351059507568,4.779721047085,14.7695086181717,-9.73152659916859
26.7832374483866,-1.87054927521086,19.8243321357536,10.1953835947346,-0.133721729052414
2.4913898009332,-9.29462318212315,7.75748817678765,-7.36933864951572,12.8699242779941
-14.5608602828238,-21.6408777144785,-0.535136709603226,-9.54199481853131,17.6949896628638
22.55859895941,12.7504733507019,2.8037695996886,-0.247848294721916,8.4240779071018
14.9786316553919,2.07838696148977,-0.186924479477058,4.79065287831867,10.9335480782441
-12.9325052507182,-11.8473994023507,11.0744111660266,0.15321655201102,-11.329970333055
-7.68890123366643,-3.81595095600127,4.18575398628103,-6.93226827281051,0.594240298778995
-9.66807626656247,15.3812370157949,-16.3889687155963,-8.37495186158572,0.625095242508566
-7.77954968911008,11.2449937709991,-9.07513247566437,-14.3750909875143,6.00272048782891
50.4165993974571,13.6805348044457,23.9743384408363,6.24596092140311,7.67290676677844
20.005161819639,13.1276783167457,0.913159617104583,1.91348623880845,4.89612631587494
25.1808107855994,1.65135474661128,8.91078990834984,6.18101313220225,7.33777761415548
6.89906945275017,-6.18351878527907,-7.3765730859939,3.08496953917389,19.3896492592431
-10.3355232541342,5.3738785545788,1.8914941350399,-1.44296668869807,-16.2782645104061
23.1583827072821,6.87912950709035,7.55002591775598,-2.04054765522478,11.7717738431185
34.0867780620299,-8.55534784300053,26.6095851141735,8.09163016265325,8.81267007903568
-16.5733332214573,7.65072631931407,-7.60319538009325,3.34654341797858,-17.014310297689
-6.3528314260687,-18.9840451904334,-0.293698571005558,4.0455749386171,10.1355186843135
26.7213217127738,3.22317669840987,3.30190368490697,11.391223746081,10.257073031242
-33.511442226034,8.81598047123173,-9.9066192293428,-14.3407503033695,-16.805276930563
-7.84760158962007,12.4072122722281,6.31818167512647,-20.1218847201764,-7.09489727900894
-5.55130708489913,11.1235378448558,-7.55760586783693,2.6762782506213,-10.2006782659415
-3.32108208074839,10.3608744549215,-19.8273544659224,5.10666556827471,3.58470545617095
23.6154593620841,7.51214253079472,-12.543332345402,22.4921278170682,5.72032473262425
16.1910552718302,7.50044322590411,-10.2328745180989,13.659173116637,5.08865088042357
-6.61131720342472,-3.51582942416494,0.781477016731735,-12.1870482850286,9.37693346235536
1.62015178689093,15.5791865466967,-3.28797192411077,-15.0129171117678,5.90664027163469
-17.1016280815265,10.2541680635645,-19.0600434168667,7.3014033989429,-15.9400812018042
-9.13741459374832,5.26914585913394,9.77006056052559,-17.3585515049032,-5.94227287792155
7.45537392056947,1.42605116662989,-8.6283545232134,6.46397628482975,8.35685548370788
-2.47384953613303,-13.7224511218454,1.28301964518662,14.6369353096451,-2.44284429088816
3.73816744652542,-13.6138210490958,10.2373646204572,4.51514881636132,3.91039821838792
-17.8934070389258,-5.94185507736439,-3.82167489258303,-6.02590061026642,-2.48925173300308
-15.7499500972883,-0.951121558641557,3.29882655611966,-11.5676824845144,-5.08558083941922
-10.5181549831811,5.16889795792161,8.50534828190371,-22.388825888515,0.738640558102294
12.977342201216,15.400409124102,-6.05333363265431,5.83717609243865,-0.946579884910267
-18.2636269308097,-13.7528312444684,-2.66371598250778,-0.250368363998355,0.0922218520165212
-6.53920445619337,-31.0191206357785,14.5561526010304,-1.044148634172,12.2802792436323
-41.8304551392611,-20.8655758132385,0.578214618683698,-0.911347520429218,-19.2351112617505
-0.695680412900458,7.26358907915764,10.8467943704327,3.11524701799567,-20.8757417846513
3.28561539782547,4.46324663125802,9.63845003022464,-7.90991384940399,-1.72950529579294
-60.7994909562153,-3.04571960075601,-20.0242898664204,-37.2349499099691,0.337224581545852
19.96174018054,8.84053560099116,10.6015223579609,6.364004372955,-4.89601913293443
-36.3415917643498,4.28965023826978,0.927369280578796,-15.6301327859946,-25.5584738908826
-23.3971566112394,5.21710885742293,-18.3915899351592,6.21390117299277,-15.3835387823187
1.90797290037558,-1.01622543707869,6.32955485783298,7.12154838974018,-11.488847624785
-14.8677591266541,-14.4067497453015,-3.02035922132896,-0.497899362661323,4.63170266508542
14.9632640093262,10.3792439663864,7.88859684805168,-4.34652394481065,1.54855529628603
-2.10962923973773,4.6621155031357,10.4322947551035,-5.97927288052824,-9.87982223929618
-27.6673516984869,-17.832401246879,-5.80056159179196,5.57405041580614,-8.0567873504036
5.59694004104524,-4.06741012053213,-3.04361154760306,13.8880476368954,0.718321316088263
17.4604226722787,17.6909839840073,5.1721033960767,-14.7275982832133,8.95539396135414
3.52229271961943,-1.07554209514565,6.60813372128881,-4.30263092322837,3.88183786597285
24.9733422994083,-4.51433585587304,9.94389489035473,13.4630115639951,7.21785389381473
-16.1069096886243,-7.70633723064103,-2.77142942315126,-10.4472739639849,5.51340835566413
-27.0709453104527,-2.47813346449713,-1.9092266001869,-21.5972076096848,-0.170220918648774
-19.038603513916,-14.780106541902,-1.52860649867382,3.67843345396414,-7.15563789787936
40.8295785047902,2.11561808052433,12.6617820217468,12.9003636362968,12.0237662352242
32.0148858857993,4.86581906022377,7.03958441287707,5.24699853498437,13.1669178492609
2.41517521186103,-0.0595463980547937,-1.90253051885415,0.919553474874211,4.88662498730605
-18.9973697687973,-5.60681803984338,-14.4997533879152,10.3969527499673,-7.74273211448582
-6.41807720738323,2.36084372595356,-10.3454882660149,2.18903276140812,-0.750069728845353
10.7414451192662,-1.67077213350949,6.96471421236183,13.1792691514675,-6.28296057306668
-13.3731651061153,-7.90153032182546,4.25089386350608,-0.948191383063461,-7.00915961657707
24.8548997655489,15.7186000364707,21.4412840117351,-7.0431516559115,-3.53989069735672
-7.89763329865818,4.56863104396303,-4.73941558023137,-0.315044740406677,-5.98353435874227
-26.5750367835872,-1.05774131686663,-9.74067261161478,-15.2870583772346,0.906163301798348
-3.50859392741062,-15.3411706729903,-3.17460846805845,20.2614230594057,-5.49368350156765
5.17108381943343,5.22102241828322,2.79621952415784,11.1073659114738,-14.3181286454782
17.7781622927712,7.88029283281571,4.13321173982014,1.68976822760535,5.65519567508026
-11.8399800628929,4.40831623191015,-6.59391292614549,-5.92189490805113,-2.53377203005138
-7.21837556042642,4.64054323460024,-7.04441024904534,-16.8087263752864,14.3560167112532
5.47338136309199,-7.67305450625111,-3.8515262047997,14.3619923649052,5.33537002789454
3.42957590453727,8.66123267005041,0.225211346960846,10.3711291110387,-15.2876208594548
5.89902924689607,-12.2111460307605,-3.31979514644573,18.1789521075723,3.3757353478553
-6.68387591274121,2.55931011819203,-10.46461497893,0.857022751394125,0.744572645194301
5.57641616399279,1.20986713319793,5.51135444870396,-3.31868303023789,3.170059259352
-14.9880121932828,0.0592973199689688,-3.12947179491792,-6.78897151802847,-5.34564645988322
-2.97033124281128,-3.94030881192413,5.00238096352927,-8.73815475982697,5.82197153998433
10.6432057138109,15.5736652825436,-2.72744790945863,-14.0653287149843,12.8036109405566
18.5625936890951,0.762494756365324,11.6869095874777,-2.90734459193534,10.8809355152316
32.8974638530181,11.0559281375824,3.76820219564603,12.536828206757,5.52267638322396
5.96265148955154,2.33164742153921,-5.42859236233632,6.40347334831334,4.38140223598847
-3.3699011226318,0.8299467144977,-4.34110420971536,-7.08855181089875,7.59803692983271
43.6494492571873,21.681923849861,19.8125738486563,15.4733132344732,-12.3440182750138
-8.52476484487947,-11.5051893483537,2.26562714103649,0.805347967394248,-0.0395076286242043
-14.4271058156945,-0.452966495659791,-5.94110443075225,-15.4254551916207,7.93487700124888
-23.654326155582,-7.2483460815507,3.48047676409255,-4.18649526359287,-14.3619321476349
-38.9114757352587,-15.1715197133571,-16.8301106277807,-6.49540921827627,-1.36604019144432
27.2973122907966,10.4233125044534,22.1089669449226,-2.23554323517862,-0.0316511874813239
-5.42863035462799,3.99318003310593,-10.8582668143495,0.10569742035515,1.92286488541226
-4.80981818456031,-0.376508936286596,10.9351428672749,-4.77663504034058,-9.21986344565803
8.88689689657369,1.36215854927295,-3.96317410165901,-0.479201677858952,13.0795792303058
23.5405428183192,4.40963605588482,-1.09241954398807,6.90853595317856,13.056851722431
-49.7890182295096,-23.0490719849021,-3.39767920602231,-9.32266808015434,-13.165945460667
-25.3961667587026,2.01124522184896,-11.0593466326786,-19.3727508852384,2.37275223647429
-0.851100383193072,-1.35934629805381,-0.685970730214655,-8.72243372596329,10.4833122017707
-25.0916137136034,3.52152986887473,2.17128361606102,-21.8583972061877,-8.53456883109022
25.4897792453864,0.4145549382894,-8.82188212742909,14.69041801336,19.3514934284288
8.28306465020284,-3.86827709522886,-2.68649092525014,6.74522042881008,9.50701089540551
-2.68278486072989,-4.80840863670949,10.958033415512,-9.68039046550245,1.1944940242656
11.5976883328463,-8.43274008318424,19.6093382686508,0.459701479667742,-0.178611152025883
18.0569561726008,3.59932177902137,-5.25527360220067,10.193214614261,9.6510422471376
-13.5524632612744,1.00870314201955,0.311661078924019,-0.413909205705521,-11.5355585047611
-19.8009118976065,-1.4538427064892,-18.0617860768243,1.76209749397179,-0.920007995227747
-16.4734691331102,-2.43079485637301,5.80746293858316,-9.00050818794231,-9.50245544077275
-9.48823589240184,0.0748867113749454,-2.68306194760671,-3.19826588670144,-2.56821867463182
-8.23792524847226,3.1783422282083,-5.01368588867962,6.45032753252852,-12.3284983721473
2.12959642670392,9.11620044409883,-8.67581292027115,-7.71150075978234,9.30037075207825
28.641892863864,17.945939045559,-2.83963628173479,4.73424727625796,9.95453155763868
-29.4311222111855,-12.7460234537917,10.4938546586228,-11.5156138577546,-15.2705487224491
-11.5648536391862,-9.2839835365239,-2.30683182414403,4.38023391871995,-5.12583517175493
9.44266812894204,9.84397035650755,7.3289543443699,-1.58718763326078,-3.48148974746105
-11.9806587535675,-15.0929437752443,-3.4517706989018,11.3528138028273,-2.04678502893828
43.8918933631517,18.352143250599,23.0711227899983,-8.5671491083088,10.0355690884007
-6.81941123936423,1.23571288833676,15.0863719553887,-12.3020371842397,-12.1361084490371
-16.2234905410701,-1.93106602695009,-1.91910129417856,-7.30404902182554,-2.98922234254042
-1.77850008086897,13.1179907152853,6.55103285797833,-11.418466599874,-8.15261457113175
-11.3653126632646,-2.10676605100635,-6.13547124528206,-11.5477452220323,8.94454053274199
28.9936823504339,3.44972892234504,14.6455838585968,4.9714032279718,4.94008818659076
39.7865283218857,6.43579885687955,6.77618484998138,23.6467358785286,2.7396837519347
21.1090852225736,-0.361488015942722,-1.797749613077,13.4379101185629,12.0269472556904
0.17058428939942,-1.26085080034887,1.44743234417273,-3.52563368380195,4.27022260346766
31.4191310553909,26.9551457422744,-2.9728286050493,-6.98682250810914,16.9047335973697
8.71650467140206,9.42669673493891,3.76006920296692,8.83923035011562,-12.4378793019304
-32.0969578734033,-8.31463993856566,-12.5409906920747,-0.0561427634327035,-9.44866927145917
0.139414810763006,11.0786359146814,-5.4127917626332,3.43217310639841,-7.31074116586411
4.357175391829,6.53003973423077,3.97090069866644,-22.2223021684671,16.218808589455
0.618720886458571,12.4863470796256,4.47067637927714,-25.8926594013726,9.85591802594432
-1.4016039097806,4.1961045213069,-0.542629484487748,-6.4331461242267,1.49233408354807
3.33764572311526,18.7872845145758,-15.4859956952232,2.64976695211981,-1.20221166735248
17.7871029531792,-14.4477503716289,12.6927931926417,16.9732641780555,4.40773668609034
-37.6972146632186,2.94687766435992,-0.527405697314074,-21.1141910226926,-16.9590022664925
30.1652168211436,-1.63852221447749,5.55223624545734,15.7396098506217,10.9893751306681
25.4671014930593,0.598970355971216,-6.03371844133686,4.26549214423109,26.9210031896146
-10.4843939546706,-5.53015194497354,4.78140735464508,5.73539304929644,-15.0555249140667
-18.5012047426573,-1.55765138419339,-1.53335468139641,1.62550091116461,-13.8978470313823
-18.0581507818031,-10.3946288716906,-2.48585870093191,0.721585840008196,-6.10844951862132
-2.52130540462018,-2.01267236416405,8.89757789624588,4.61053488740067,-12.9940539207408
-13.3418236573608,5.19272668386609,-3.00809740788654,-4.57808189601378,-9.10953439074702
-6.06065445417995,-10.2587636365384,15.5010340114917,-9.75414071042545,-0.593368132459797
-15.9231325811986,-6.72920500668882,9.31064505887725,-12.973257833181,-4.60059517144666
-17.6001614738918,4.16077456698222,-0.823959753837298,-4.46280804163592,-15.3108555666869
-4.40485762501817,9.09531488833598,10.2169410243774,-2.58137836982603,-19.4908510944058
14.6288037460606,1.70714378177769,2.69536670217093,13.4887785014722,-2.41421535280655
7.12723502023418,-22.5740572107524,3.36438042134935,16.2902054350731,10.3583754700607
7.40622636187002,9.08577288584033,0.765848737569212,-1.85083088703799,0.506151480386825
-24.0279911714301,2.39852170338569,-8.33896967310162,-16.9294209778457,-1.17440726776069
11.7697818145919,3.13686914332463,-0.956190800587513,18.7952134518108,-6.89139156739063
-12.0375551785574,-13.5916456452428,-1.4687814592873,7.61864903647061,-3.79883930485628
30.9079024461519,10.7380424951369,8.72840171566704,18.0043757915237,-5.32505610776524
-23.7815055255213,-11.304171080415,-1.37365984586935,-7.93827089514385,-3.40055872603364
20.0785503500047,15.4471760481228,1.03369069223699,-9.82297031172589,13.1451951922227
-40.1447025169984,-4.26053848260442,-6.99434716587141,-11.1111209585981,-16.6037962052049
-1.46526692235925,0.642492981338784,-9.09005558557413,9.46142418202531,-1.38843865777863
38.1583624265865,8.77402762913988,6.10949120672709,14.1801983016207,9.1137122715396
4.84806457708821,-0.63293681633911,17.4686854017719,-9.38617811365977,-2.90864721678012
-14.8556982176953,-21.6159131702885,-1.66176194854057,-4.22370262836587,12.4230177649503
34.7331244530144,-1.65098134624358,12.6041961088286,19.7281981626513,6.98669003427376
-9.23364883409656,2.47753992286394,-14.2772017260449,-8.58298251014232,12.4516603411131
-5.86017248153445,-7.21631481910493,13.304202205638,7.0278139025902,-16.5693794410207
-16.7274275022946,-4.76086579963496,3.39881697089946,-6.25888854632908,-6.87219790345233
14.2337238641594,2.17514848443059,-0.769573049072146,-4.56935794217346,18.9793019567467
-0.560223155455115,4.61621716765492,8.17266808194037,-17.6534680465667,4.01593267052669
-3.19936987010748,-7.06016155794031,-3.25564540364168,2.51580280632535,5.64903733977355
-22.4388235864857,-7.34376240344785,-9.43176618885469,-7.23902985230575,2.80992141003895
-5.61499540382672,-9.33060327032046,15.9773809496656,-8.23593583582968,-3.76716786704482
-7.28221712345758,-1.7873089210805,-5.19764689444824,-5.27293757782043,6.46192175237078
-4.82621029034661,-6.38019467421233,-0.225534060936156,10.1799208113011,-7.77350781640468
-21.9500213876062,7.98517882241302,-3.00223101305376,-17.8544485288909,-8.33302997948938
-16.4250759602807,-14.9578140804179,-7.9372528826516,3.23940865962044,3.35380427411159
-0.891494607206034,3.07378613930012,-12.1059663726931,7.10276544501147,2.6913429362008
6.40196389964902,-0.659215844665042,-22.5604517919761,22.6905712648852,6.13426160595547
0.663570594745665,-5.71653597763174,12.2469926036246,-7.10114505049003,2.96465934988209
5.47947798792853,-0.605104313088516,0.358843835261288,0.276574517325116,7.83157304716542
0.0392032700751188,8.21477115580367,-12.1500924500016,13.0823139945014,-5.81244683214359
5.61965106833401,14.7770146447885,-2.80637889963052,-1.76396171137517,-2.8063866681408
-0.850666017491996,2.93130525047017,-5.37798763503577,-5.48002378542337,8.61487146021591
18.4387442019098,-2.30915747500909,2.98502544658681,-4.04413297990193,21.6957760428096
36.6724647763251,10.8380369091825,-8.03864266110749,7.56972897624758,27.8746183325352
17.4047251048415,12.0633941183471,-9.20357062052217,0.0184925868402648,14.6301518966996
0.832634139368586,5.4047726788175,-8.28811067451408,4.87706532781486,-0.85409294827388
10.4631127635004,-2.53749086801284,7.92627316898633,7.0755705972973,-3.30100557012601
-18.0563582315439,-7.81738344625423,-14.7857099536142,-4.85972312274612,11.7225599842717
7.26316831506352,-4.3069729375658,1.02779224888367,16.3709695832465,-4.76975641957538
-19.4491891714005,-10.6891425141748,0.52922661927715,-6.94146909993588,-0.278493571853867
15.8177782781231,1.38190284201264,7.76828400989043,-1.4843340397651,10.364512600269
-33.6204213071605,-26.348629232795,14.41952184932,-14.519058279799,-5.64006921747251
-22.0350245390026,-11.4928040290679,-15.1298945349705,-7.20305569623921,13.4677370744423
1.26653930972557,15.8648377935078,3.57556274492344,-19.8512520306845,1.60770513685656
15.1581888402227,8.4852666233701,8.95709976638181,7.12655020877729,-9.45479640425105
5.71006220644119,-10.6898782372609,14.1824581442456,-9.2087384874804,11.6556018455604
9.36040540141588,11.5349034788238,-11.5641452099984,5.28185536833647,6.38131630446957
6.70194317073377,3.76775312432138,-11.9549724748505,2.74388239566229,14.2431794003118
-17.420086141131,-8.83203562175299,0.676434591198948,-6.30611733144517,-1.16881955944085
-31.5209778441357,-17.7614735711806,-3.62228190548279,2.43393168502498,-13.6136277571411
13.9080790392989,4.37613225743591,3.18321979199492,0.221311190964429,6.53650999332865
-39.0721219935478,-9.43181835673475,-6.2207601138155,-12.5625685505721,-10.3272156206567
4.64465723486216,12.7366144501023,1.17720214437585,-8.0749807486227,-0.352391884210991
1.5427113172347,6.7340938717184,-4.20339005176953,-10.2397334300004,10.7599575719656
11.7597606490498,23.0647608430422,6.3841514396289,-5.88188973207576,-10.2798758247707
21.3954224830087,3.71112979133891,1.27923028038557,13.5398928460678,3.82427224226811
-18.5324003862434,-5.05005023237099,-1.20953584893237,-23.0408260734591,12.0955583859924
6.40453239834705,6.35490498543832,6.96636630039045,-1.61251559404079,-4.04195803084706
2.41626455357508,13.5409596866681,3.16118054919399,-2.35306707134101,-10.7686470768204
-13.589953273993,9.92423660339883,-11.3326981966283,-14.787244217366,1.69955278925759
-16.8308396585828,7.14607985997928,-7.25945793143443,5.01184110013917,-19.3854952944811
-10.7340403456569,-12.9332763375496,9.83926991719732,-6.3545305977651,1.16229785422225
-5.71714121848152,9.11186353626318,-5.96351370886862,-10.7611587342707,2.99211023482415
14.2994409585168,-0.135980721774935,3.32263357520595,-1.0993526839319,13.2678996948811
28.4195850612855,17.2594592908198,-0.395492844319429,-5.1973888684554,16.9279358864464
-1.28024826613226,2.18193337533316,-5.02739049948013,-9.79002331620132,13.5637287801149
1.84105673552167,-13.9244495630225,-2.13929471181221,4.47374299568107,13.9611095242068
-35.5274619483661,-3.02939594895336,-10.1108494994711,-13.477197684487,-8.20317291694808
-14.2747920573237,5.59450974920184,-5.80913444943375,-6.32362898683176,-5.18389385530486
-7.64392101324862,5.78237870305191,6.98786582654026,-18.6594773887311,-0.132062665726724
-9.32088685129608,-6.98926518277127,-2.27241038628036,-3.65599791303652,4.10581233005572
20.480341704101,10.3053455759401,6.24423325071967,-5.99584703999432,10.1105505162394
-27.2055187109664,-7.70413891628763,-4.86921199504422,-7.65053934397714,-5.37990733924895
-3.43512891317289,6.92323712184663,7.19962297442715,-12.8674133340753,-3.99727665284254
3.32118163329543,12.8421501068266,-2.81718314171316,-7.7832123181827,0.950685820012603
19.3187586853474,4.62931389115984,12.3140658630827,-4.04230939907542,8.27528701256329
-21.6593362251873,-16.3832030767367,0.762559802177546,5.01473372879046,-11.3858091387611
-8.79909858610835,2.85832316485727,-5.50606733001168,-8.06503373255474,3.37820247479609
7.11774568006629,9.26886568286083,12.2725832423074,4.56897320868735,-17.7321960253295
3.90888668734625,1.15042241179214,-10.9673965071501,13.6250781488769,0.554622081439757
-3.56980560627895,2.06871623166139,-16.7782656931612,11.7812895709863,0.0511005650100151
8.55513564275692,1.2114252640499,-5.55886030264884,10.5323809027069,3.88960520941009
-29.2142129533546,-18.8768621702913,-10.2840758810602,1.61139164708561,-0.498166850555489
-4.4411319585532,20.3631269009043,1.12839223570752,-15.3719630387606,-10.1890069750104
22.0418414574941,15.5196138377879,-6.96176212820785,29.1661729967176,-13.4058680727372
-26.374402701515,0.141501420819294,0.184623447046252,-6.74599199011428,-20.501478559797
-6.03194282860816,6.89623680642284,-10.5194912869014,-4.76682360128743,1.92978066810315
18.9085318947212,13.6390621499611,10.9509603236588,-1.45843574556914,-2.25969787575374
-24.8100051949654,0.957313104600585,-6.22251522607767,2.06813557496075,-19.2382798009176
11.1190301599631,-0.550766544369689,5.173129608848,10.1823479882157,-2.60873408127286
0.126594568132302,-4.73090855623367,5.01677415225829,-5.60445755330484,7.5672940579892
-1.95567201995519,-3.24061749429132,-7.13348021267577,17.1247909593207,-7.17904612901404
-32.3772994865929,-27.6586261478095,-1.24306780598901,1.38600131538318,-3.12187647821629
13.1767229433052,-13.9633110079624,1.85564921814955,22.0109965316172,2.74908927055154
-24.9780692643108,1.88175689014972,-1.35389760133342,-14.2431612886987,-9.68392737213006
5.94114589228705,-0.787197392572804,7.48793916755216,5.80411447905208,-7.60548268515441
14.6618920882321,-2.19341984199863,15.0408298173254,-3.64411022610336,6.93209649222395
-14.1950943275256,5.3840615085233,-20.2663598973949,1.23061737267292,2.54003082051586
26.8100239001775,7.14698013140445,0.692263253577786,-1.80229584926387,21.098356627597
40.2245384320839,25.1339158688945,0.0750245656793741,11.0721628540979,4.2657858686552
-37.2670009351775,-12.9077707966275,-13.6569787135849,-7.98448281287227,-0.801312265816799
-16.6945786495036,-2.20602640408701,1.49254209669033,-0.329212198901566,-14.8761001164046
12.3488967366014,-0.505738389892574,2.01630353826548,-4.11742990798856,16.2338888271432
18.7143845261576,8.78473598708909,21.6130331811744,-8.92405223245197,-1.80553239576362
-19.314705594029,-6.68767739656529,0.0564780200987293,-4.83426048906166,-5.75415539647692
31.7399669758025,11.0818632811642,-3.03496145003623,21.0723034886018,3.50051705235963
-13.8290651291738,-10.7818217134826,-18.8341999974859,17.2804356902083,0.362216927906948
10.2567779867684,-0.635623303050872,2.85696551057221,8.51848283694758,0.638347122624217
16.0941602205213,6.77009943728683,6.33090593093939,-7.32130785275625,9.97528752158568
-9.03058540900437,0.325459812944447,-6.95440602713989,4.01664930037317,-5.70228717285346
30.0942899176928,15.7252652304097,-5.71019887762955,12.3995950777381,6.56278262779402
31.4201341624743,17.723164280863,8.34113927261745,6.10442814465335,-0.527703272043119
-55.7200085334386,-25.9483224999,-18.571232931815,-12.8393291007172,1.14522388887541
7.22283739531644,-3.61065838752231,3.91897881076646,13.8240459338981,-6.12175850790179
16.8195471009725,-13.7095146692965,13.3329854070161,12.1749244368513,7.35624995846191
32.466867137587,2.53393400063874,10.1324570382049,10.7200552738724,11.4225616109634
-14.4077172151333,-24.3167017821288,-6.58877441378971,12.6579500945156,6.72935933822224
-7.52383158602968,1.22038069694808,-16.0955014306488,5.57609845428227,1.23871559243046
50.5457057160556,26.3865382750811,18.9844702005992,5.8452434927635,0.878200146896147
-14.8545140422689,-15.1491501738555,-5.96033720752034,0.0935958173272076,7.34218642280267
7.42958073286959,17.7592258244134,-5.92112407709203,5.1940899705711,-7.42061188401207
-0.0352389030153007,10.8837638469639,-5.63482571576765,-1.19102409357612,-3.03354207143243
-20.2572602922808,1.74193574471126,-3.73160294341926,2.08524586844717,-17.9601860998854
-17.2641050869271,-8.60293811901,6.13847165841117,-15.129953901978,1.65020158016096
-30.4071906496066,-10.0221523481645,-12.2388361398864,1.68659296038702,-8.8114398609288
-6.45352788472089,-3.25314011517322,-2.99422038505234,-15.556576949583,17.1679444133103
34.3520431648318,18.6750814544224,6.11245426213526,-1.06661340261695,10.6737693162042
27.7944772977455,11.5049431291824,13.304387425932,6.66994086869986,-1.21868140419699
-21.7174091181923,8.67849156341307,-19.764221447839,9.20838564283365,-17.4223786900408
8.88875082606637,7.21642369016759,15.4591163608541,-5.43869778083735,-6.9139707534709
24.935152491937,20.556724843194,1.16363224174518,3.45504240889936,1.03011707211824
6.5265135522264,-6.19870202262834,-0.601801403925869,13.471417816424,2.58642671814201
-10.7971557689253,-16.4307993150342,-6.51588922593457,7.08843286741664,5.81625175005813
-4.69381888299258,4.61076148805801,-4.54198787925428,0.525394715501073,-5.50370285279647
3.70677480965467,29.0712159440992,-9.89184090550792,-10.1754509256036,-1.48153200558147
14.4214790797373,11.3629582687992,11.378139091464,-6.14673197698495,-1.71994848535675
-13.9065450673793,-4.63884119529093,-17.1528038562274,-4.3146318291336,13.6510976780605
-26.6796626102902,-16.4080335084521,-28.2226910663753,8.27716956043108,11.4403350536009
29.038196284852,8.15518618607936,9.48884354659957,17.0401807332455,-4.71882975607644
-3.01918489330631,-3.72898649352918,7.82848132499876,-6.2069123964079,0.290177699833256
-5.15720774894638,-5.1026587433675,6.08559355300672,-7.24068775633266,1.78115889421717
-36.0655648868957,-0.142143988215634,-5.01409769040781,-5.13595684245568,-24.3497156278915
4.45620254907345,7.68161356928032,-6.63140065103895,6.74138027289274,-2.83459186721728
-9.49604991316021,-4.68108739944321,-0.945460627230817,-1.61753400023833,-0.698320631496907
-24.1022199805308,-2.67220021086582,-12.7044017512981,-17.5645025722116,8.98360336576878
-13.0796667651574,4.94534626754168,7.07857576445161,-10.302105930502,-11.8705808724903
-15.0859769057953,-6.70572979608981,-0.7448092358677,-13.9438385589472,7.26927593923991
-60.7162276655541,-5.89917708910121,-7.59374373440001,-12.8919443546788,-34.6446292002388
-26.254069983786,-4.95125033960039,8.55886716601601,-18.2282231302418,-11.4544159234648
-25.1480799351873,1.67085418193331,-7.31369923324877,3.70710418669655,-22.9901064886145
-8.5382806352959,-10.8304371903581,0.0536290421774177,-4.87795435783111,8.78692807895453
13.9053358954018,-10.0522007564947,21.2854841872583,6.27483191667549,-1.51363990990172
-6.21243871675476,13.4237119872104,-4.17206211246109,2.58882291792965,-15.5666253268742
10.5517909102929,3.16528029568948,-5.34606586970822,15.179871596985,-0.950017106155714
17.6939386488637,10.8759758896724,17.3507325270896,5.10775317790314,-14.845511383004
9.09427186795535,7.4051882495006,12.395017858731,-15.2855847601578,5.99452424679319
-12.3065345406719,-14.7055515832677,1.26126765396847,6.75926376338735,-4.07839368351077
-2.77168057739735,-11.8677179135239,6.72182377913789,5.00283327702822,-1.41111815769089
-19.3063804478999,-11.8425833913754,-11.8020448983902,-8.33778185263647,13.0694013036956
-28.1365003916177,-10.7426262400992,-14.4323127012921,-9.22423804772303,5.01208257350983
11.479876344636,14.2503615877853,11.2925008123709,-13.2171010006828,1.43577137446155
29.8967401446427,22.1514656163528,-10.6259110143151,14.4947766353737,4.58986578517629
30.2879767287871,8.71951531840528,17.4686018779596,-0.778720680838188,5.51396602838788
42.0172135372299,15.1290893578938,8.39331617100273,15.938580354752,3.30449200885016
8.13290597462893,-1.66726738569369,-10.5592039872313,6.109089013197,14.5226410706174
-2.32767073895957,-7.85495380822826,1.09682003036621,-3.74240847048491,9.01931968676315
-28.8998934395447,-4.84714330792726,-25.0686723058099,8.22279067583996,-5.80508288794127
-10.2163900771106,-0.366352053920434,2.55007030696229,1.78928178956088,-13.0504073849396
-7.72258048020606,-8.55886206083447,6.32356051360682,-11.5749821502563,7.63869665205865
-5.97366033776798,1.37944630714177,-1.98833903792806,-1.22839097219474,-3.62992275515275
-9.56731402851326,1.5435057232963,-9.88222306582015,8.89222886757757,-8.08237658210225
-7.20194323855613,14.5313822073724,-3.1725004937374,2.07974148656693,-19.9329675599499
19.6371992050938,3.73252831864984,2.34890338743117,28.655603268866,-13.2059952815854
-16.2582159269321,-5.39949347786914,-6.2594312585688,2.07229441238653,-6.2348621827189
-0.986882446505394,0.29155544436846,-1.62887744288316,2.06153084947081,0.432297128507015
3.79779134138257,-12.538242622309,6.82317817340375,-12.7778288212665,24.4840347229023
-2.24904485407519,-4.44103513164574,-12.211090700206,7.7919636929706,7.50826359089711
-38.9577891773956,-15.8339838673154,-4.58812196946383,-5.56964653263985,-10.2882296237536
-16.9804369110882,-9.13361435719804,-14.6045964164076,4.1036078202639,3.66562731365847
9.44212223488528,14.1719394327739,-15.4652099540109,-0.265595173150104,9.69734042542285
-24.6823372760111,-19.3969686241159,-7.87608595156456,5.7126721280056,-2.56057267671307
-27.8366189334946,2.8895808142875,-26.8838178346658,-5.26961206575623,1.54988378689538
51.8666582849611,20.0183780448046,8.47590378106762,15.1519956206994,8.35472378474098
14.2783609941263,-8.94441486199162,2.17876264974783,3.05738404101209,19.8302735148332
-9.36901685797265,-23.6908922460496,1.4593537332101,13.2839892898811,0.593162680873809
-0.180371686759951,-5.23709802652812,-0.716871245383128,14.7911349852221,-9.13818233725376
34.1812615021763,20.5658010216912,3.6338639069907,-5.44316963594906,16.0809099379467
-14.3594965110824,5.48384172151094,8.69500281256936,-12.8924273894359,-13.7378900768592
-11.6438690123808,-2.90059987337235,11.3114543030086,-9.14357324551883,-9.15771233547485
8.94798282187679,-2.44349975048748,5.67432475445188,6.12242779891409,1.56349371519232
-14.4811861726628,-1.03418778440806,-0.619643974706767,5.32845950804068,-16.3859672201374
19.5459854110218,18.8282925409967,11.1561627521216,-12.2804970999741,2.35838242286448
-8.3632857670565,-3.17107275308931,-11.719221620022,20.3920748937697,-12.087199518048
5.58737917189524,3.80614120603488,13.558956575746,-2.38947375485637,-8.54867908511171
-10.8381153213079,2.86498159794072,1.46338584806371,-9.83577933739541,-2.56291174504444
-26.6448601790458,-8.15479628700392,-3.16453316420901,-3.12077221272199,-11.2334344842812
-24.3991667812681,10.8263611851469,-8.44031003556683,-7.53712602356418,-18.693876327288
9.45232428608554,7.77533541564451,15.5656940623771,-2.2880803365304,-9.93708062291896
-21.6752509688578,-4.72859699756981,-4.72647097380115,-11.2712919597583,-0.135003461712034
-0.0953398470305011,1.38466671137837,-9.79099601816794,7.88812357687041,3.06334423980537
3.0252080034598,2.73875251186931,-5.40636935874713,0.393283136321028,6.35068216616476
0.16817152961837,13.7247983646185,0.460532827525595,-8.8709586172248,-4.40324540456612
-18.8720370706371,-6.75629120293389,-1.44263902593093,-19.9889975097906,9.80684410926496
-30.275657175723,6.33439991894284,-9.74269592625542,-14.50495576509,-11.6626859719112
-1.53806716902988,-5.2048801600053,2.50933249199428,-4.91851773859556,7.65224239269257
-4.53466002751013,-3.21812434380378,2.41602124503737,-13.1952825533968,10.9969389907544
17.5302871152952,11.8201892697892,2.40768646739744,3.79179264746968,-1.29414557488152
26.59755978902,-5.44167662452473,9.28210491213964,21.9670124092413,2.12848831578124
4.0414971226647,-5.85062973718306,1.82753721817791,2.12422595594274,6.54402833391639
21.5153610434781,16.2388560507897,0.973326287555619,8.08770691511712,-2.68663058343683
-7.22744507613631,-8.62926693243865,-11.0243635197984,8.33862113593422,6.15142529180795
-13.4329292225978,-0.0332114135869708,0.345100728074744,-7.72987553671299,-6.16352442021608
-4.0277924781215,0.200441120140886,-7.47055812058741,-8.96897556662403,12.3395489025139
1.78761250786066,-22.3141890463761,25.3834573106123,-2.13635530428642,4.41230057481361
16.630355633026,8.13557214726941,7.45909483794244,5.57301012453766,-5.37145546677162
38.4688548987973,19.3902646638155,10.2696498777476,1.43725759911976,7.87224544281813
-12.8340875657005,-2.85942029584234,3.0758868629248,-4.73923141161351,-9.08363856653558
2.72020344318789,5.03830155997458,3.8197236801809,-14.2093880202062,7.90506443085913
-17.6336596924627,-19.3709122888049,5.94377460245319,4.61393680742489,-6.69905011266734
9.89994898366642,-0.69422074316173,-9.1236905712708,6.5106174619804,12.0717943517794
11.2977315506527,21.0758554124561,-9.42586784341384,3.27434236948894,-3.10193512417072
13.6303177815514,5.76257893420716,11.4149546145354,-2.18690540131995,0.647495925427707
-22.3485703029718,0.05573315867461,-0.521409754556476,-8.66939544643534,-12.466633953762
14.0370455801984,8.93337474516849,3.44429178999366,-5.60961546634058,7.4448951710961
-17.3532686894438,-17.0337634851613,9.81743450969848,-4.22921252379757,-5.8186101797624
40.8812766156538,8.80178166424697,5.06910520851268,20.2552670455306,9.41268436042215
5.2719584855464,2.01032925601784,14.074472205703,-2.5156023949191,-7.82631467054508
4.91262841786699,-0.469300348148932,13.4487916358785,-16.4787967832862,9.9851940280379
1.65699405954189,-2.61174680387805,-11.4532957296696,3.71642482643271,14.0500014484702
-2.47531840382341,-0.580497830307552,5.51467884393657,-18.9215761134287,12.3687527551103
-1.25352684705438,6.14034688693599,3.15757718092399,-7.48538641838536,-1.82185098893408
14.5194539240467,12.252975466644,5.55682478839663,-4.07508101368641,2.0045439298159
-3.8163469891455,-2.24927405584163,3.55390230027274,0.944641685382246,-6.12222766874522
-5.23785016483817,7.75616962109686,2.00370963884726,-9.71009701639608,-2.58840157154493
12.7838238711488,1.59963051248563,3.38168318105267,22.7850337876189,-14.1065310502683
-45.4949194443876,-4.62970147723406,-5.93496777965233,-9.34154770596098,-25.0009608334298
5.92541931667366,5.39372163555782,-0.359734006113448,-7.83192073723501,9.10323394936058
-32.6519728180973,-9.95801855479575,0.464723332800115,-17.5338214531468,-2.35225184922771
19.3510125933127,-4.10633039980799,17.3510992693589,6.4322481951269,0.703786651604338
5.98848581133531,-0.979300278337751,-0.170676136308385,18.6692503130172,-11.192397710316
9.17339878831552,-5.57218167903306,8.10211253071435,11.1870969901369,-4.46883865108305
11.2811519124448,11.1834573040078,3.58427795863459,-7.97939454260845,7.07810574010001
24.0478469023731,11.1865364597514,19.1015119025468,5.56412510820938,-9.34796981266598
-27.2569707794398,-9.19187051485935,5.03876021522032,-15.3453432174662,-5.67336607646624
-3.53061126592401,2.11780398448923,-0.375440012397114,9.53747478593198,-14.6184569469233
12.5601423184577,8.92410783559969,-1.44267252405491,2.08180367972802,3.10424811408474
10.3929017119422,7.43332264242989,-10.5141137573389,-6.1799583596233,19.5150933765273
9.06870287104791,19.4037942827643,-15.038150735528,-1.95254832115027,7.1649032871973
-16.0372866064153,0.0246385977040651,-5.62641573740328,-10.0265176128447,0.5575386472157
-13.7300866098255,-3.89161380448148,11.5901146591957,-12.2925792742606,-8.03909596683424
-21.4663775406167,3.59993726268756,-16.831921010298,-10.5524812228594,4.20892412502676
-27.2490325336036,-22.1978796469896,-0.695538257533062,0.364868443139208,-3.19492104507708
-5.17562024422496,-10.7666046450445,-8.05102289197549,28.9824556585588,-14.7883094449608
9.66189498120435,15.6217674282048,-1.96866452527976,5.99556989854161,-8.57698717470271
9.32219554739218,-15.4705582445323,-5.77987416909563,13.2454199043944,18.2009105693462
2.38604829033591,0.904807112973819,-8.65872018509613,1.53936637363809,8.69696394085893
-13.5454839898146,-19.8149289647884,-15.7281122377498,16.6730735131466,6.99480880137427
-6.95246453767616,7.5821624246006,-5.22429990072355,-11.069599022746,1.40790745548851
-21.1836735288297,-3.50784594598547,-16.3366137638841,-2.4603575241686,3.59942388700798
30.5999190804898,14.3196772534989,4.89774945272131,0.209846635535701,10.0896120505877
7.84272757730931,-1.23879327481223,1.67638490028622,17.2357660113671,-8.3544657477273
17.8588983911303,-0.857060268896149,8.8796161098845,0.355109986862363,10.7724317794757
-5.64839733591726,4.14001252742442,-5.93965167153402,-5.19011920236281,3.17190521522566
-23.8400250432054,-16.7575221690252,-16.572431208277,2.63577031592825,8.58857323361704
-11.3584570831589,2.37005690768088,-11.4278895735048,6.77740025883955,-8.10779569515974
0.257613444271956,8.5641527590975,-4.27884927458769,-3.05703592698138,1.12816580513069
-0.335424448432931,-1.91775713451601,-1.69012961609056,-1.53861960874236,5.06348329580852
34.2202578640648,16.4868475079505,8.94215035914772,2.9868336759196,6.86038993131356
7.8415220222307,-3.9388816864242,-11.7767614004649,4.61684438381431,16.985147594954
11.9915435894716,8.22211551005644,3.87505097098782,-1.92045720766967,2.63613615679381
-11.8855301236825,-4.76474111682905,6.89573599021978,-3.62883087849718,-8.34680060062247
3.91152408886767,-3.54963050026947,-19.6369647574506,23.1106203277222,3.93869385064321
4.08103953120181,1.71724844535441,7.08211299639758,-3.26938159028946,-0.376202610726266
10.8452682755903,-2.5068001594349,10.238455501777,1.48364325644207,4.31844984072469
-3.2089143855057,-0.960876762728943,-5.09592689755733,5.23548443631389,-2.04464895966168
-33.1206112467669,-17.8696577081167,-0.32331866070621,-3.85044998665583,-10.0254029036945
22.1121778483172,-1.07373507969032,17.851766349994,13.8602850657033,-8.33083326645191
0.916328790312291,3.89378499864159,-6.55670586183698,2.50862795193422,2.2585166526687
-0.722526794556907,15.9325838366038,6.88413600669489,-11.9428074841486,-11.3085362300331
28.2756798142048,5.00486910197185,3.51848873509933,-1.47109797622793,22.1535498047457
-25.3808568340116,-16.3385442197957,2.36743597931021,-13.1428424844536,2.86737902625536
13.5972616843544,5.34726095295379,16.9295858627686,4.7171607658174,-12.8758792189489
-40.311024807586,-1.97608011677432,-11.6038480758146,-2.17323149440047,-22.3498284397169
3.35901882135296,-18.9560330482472,10.9056912111005,4.70063280350083,7.32949744060091
-8.97743895118475,-3.21813686768126,-5.65039157611409,1.5056084957397,-2.40825965621854
-25.5025556987192,-7.15603225738191,-7.43202262509324,2.57821054241575,-13.1306640142264
-38.8379951356874,-11.8952539287344,2.0942986923588,-15.0540333528409,-12.9612076516563
20.4561203979956,-5.72723856699723,3.98239171794406,8.54731249763272,14.4976825821126
1.4466197531232,7.80781041442918,-12.2019168919584,-8.72863922912547,15.2070686081396
4.78514214122825,-3.48408615271326,-3.48292278132369,13.9774135549878,-2.41858919340012
7.70902305966805,-2.52290072171913,14.4245271250327,-2.96475502967116,-1.45384812902198
-19.4545759103795,-5.1994538917806,-2.18213020885849,1.96922093193386,-11.6629299014015
-11.7005022032395,9.51717213224709,-6.14766192572433,4.52385428165787,-17.7774428118334
41.6177764322485,8.71417690304788,9.97909680443121,17.1428088641164,5.84233782131452
11.5791941091775,2.80439934373804,14.1967577181282,-9.62444753330405,5.49900679106886
14.0185736001623,-0.509023449043997,12.4723404279383,-13.0500906458575,17.1271924528381
7.9153552181356,0.684148335012509,1.63235129392289,-1.22093600925491,6.62099611362507
12.9664949355965,-8.11447252113191,-2.68016641952793,15.3393939168111,8.92445577685228
-35.7896479451439,-6.12875469067924,-8.07909026972471,-4.37987166317196,-17.0191744164771
8.76293576368806,6.53123855582337,1.42023320571859,-4.55568740983564,5.64900876381743
27.8416329873072,-4.40087746899796,16.5749604985696,0.0214405414097654,15.9313423261221
7.53884367349843,-11.3301021537166,2.65300755065865,15.3479169187162,0.508923973151349
55.5342141389929,21.9699280714025,16.3430903846589,4.68249999925104,15.3355905710942
-10.2988334802272,-5.37233397333625,6.31390711565805,-2.20247760735869,-7.95956261531671
27.252996437141,9.90691200317714,12.0983429284355,10.0162826049654,-4.32748160710894
14.1358907883826,6.43590584246257,-0.068358283230852,3.7271634594011,4.44406831890354
-5.62777832024581,-6.91546549882387,-11.0731234465984,3.26876066584441,8.92061007732808
-0.819719591087899,-2.3852068761622,-0.99243763314276,-3.03989778476845,5.87594741635035
-7.27654477220696,2.49344625124259,-12.5600733788986,3.51951083869052,1.03038739036515
-16.2906712225061,-8.41106112878817,-9.80605661427134,-1.4222383942374,5.46732854655555
-21.5879642256387,-7.56807303113922,-0.485684155463079,-3.77706840015464,-6.72317525432075
-13.2020449535534,9.36614991056573,3.3703095549895,-5.58543220692396,-17.9861551008867
18.3885619074564,14.0631646151358,1.62859754023424,13.3198479602026,-9.64264346978833
-31.1393469391442,8.27600188595422,-17.3070623279297,-9.35472261457805,-10.9570709151953
24.257462467535,-7.15542834487047,2.70138066195132,20.5260133306596,7.36130535941322
1.68366006067039,4.14500835575679,1.06232467268614,4.45538237618783,-7.30599619400271
-15.0428594304521,-5.61120533001537,0.510379541183641,-1.03854457230117,-7.42269948215154
-5.92027772934956,-14.379681457923,9.68922864695595,-2.45050455202216,2.78349746712035
-3.92827239478776,-5.57955340077659,-16.5165825753723,-1.13449357209832,22.4913807192619
3.46286605699231,-2.75958842337508,12.4126145077617,3.94208453441014,-9.9211597050744
16.2307559397243,8.29656381786781,2.44832873328019,5.7098743345126,0.0537598983541535
6.72456830243327,6.30993023571087,-22.1563593391559,5.96912188042625,16.9458537801577
11.7816022279054,6.34646843172152,8.68911473698816,2.2317457861101,-5.09114698352272
1.51323234722759,-7.02761230364666,6.33037443845948,-3.70080657297792,7.71786980805362
-5.47196659534889,-12.6038633383794,-5.0858638890266,-2.11303155624631,14.0195913578149
-51.7631986301779,-0.867420643769152,-4.09951664096993,-28.1278686611702,-17.6693842019081
-11.5472312744845,-9.93776003063845,-2.68021768236027,-3.37887941332697,5.16621156207496
-3.5511989631007,8.67530329358661,-1.15385248064751,2.1479669247841,-13.545150598043
9.888710128198,-3.98551039876,1.40574003205289,-14.8523165767336,26.5030123243277
-22.9135997172807,-19.5717358113706,9.3470058950202,-2.12143369003102,-12.5326540174216
-0.325789069965341,-12.8178798382098,4.03843772974221,-7.77990523559539,16.4283326154763
7.19702016716076,-11.4305393141472,4.41834190198303,4.18188686996298,11.246079485065
-17.008508240927,4.76283947139112,-2.8741363301432,-3.00127065678713,-14.6710162224761
11.7435059707598,-7.05817473972398,12.1180560192504,5.19831391661198,2.79073603177982
19.3754357428122,11.278497860834,-9.68212599522448,0.843573613468965,18.6146785091557
14.2640488893444,23.4801367636332,-15.6980743194159,7.5866404619324,0.280011552337938
-10.4298344760909,-10.5579140187058,2.86180864569659,3.05599377808036,-6.22611553255339
2.37183616208694,0.464831874692109,-7.65675067048173,1.25135228300146,9.39101511282483
-4.67176711078925,-2.07481216578025,-10.3818248662656,11.8232703770405,-4.90063561709465
-5.35492577714694,-4.68396653963802,-2.51024796727242,-6.17454065346242,9.54049151735638
0.553275290271076,-10.2942129089136,24.9408288431647,3.00712890026331,-14.8273200043307
17.8078144684159,-3.02161802429754,3.08790511767659,11.2960100054643,9.3741286169854
-2.12045683214181,-6.22862948343524,5.70075856009019,1.74425385273174,-1.4426268864926
2.19203693681934,-9.41823014035705,-4.57501489843193,14.7793920884564,3.5172430760299
-25.9206966283464,0.229491018531896,-0.198546691187704,-15.7761128571115,-9.34165589090869
10.9736722129802,5.17320454192165,-3.89320077525459,-2.31326589732491,11.756732978039
16.0337042194832,13.346762165614,-10.9611294625201,9.51584479143594,4.25418210616956
11.2441942198473,-6.3912651075559,2.7731342973024,-2.36752591226173,17.1819498728506
7.48275334581654,10.2435549467109,8.00639547722277,0.7523635494817,-10.9374923080683
-21.7184009416593,2.43473342393985,-28.9785287089869,-20.3524766674506,25.3051532262084
-39.3630595128785,1.65640372705885,-0.910327577182111,-26.8792281428156,-11.8665844301774
-33.1135192708705,-20.9686781275371,11.3125757900239,-7.78641574734638,-13.458496339815
-7.23172611597306,-8.83513245556349,-10.3898367844766,10.413329793351,1.02754554879659
9.14704528919026,-17.2853314520839,6.76780451496225,2.2224293466487,19.667554654936
8.29560488792319,13.6112307272158,10.9541199153613,-8.65365575133249,-5.53493269087113
5.27240572663233,-9.49166723201347,9.81371576425671,12.1941538710595,-7.60395255509789
-28.3219345756049,-11.550539969865,1.25407298869685,1.28425087397555,-18.2438410940438
27.7976324720454,-5.68275824368433,-8.22081472310795,27.8629510937994,14.8247508548891
6.2629185384093,-3.49614105268979,0.263307688395739,9.07681793975515,0.58415853106981
-11.2527553435635,9.55498618284945,-23.6867189310351,6.72634922802025,-2.9953655894881
-47.0874679749578,-12.6590620424126,-11.0397632318239,-2.68504268687884,-20.6510672963148
17.2273049026438,4.50872924299738,-0.208020350077705,14.4845676261864,-1.19398913749109
20.9370667098794,-7.2836433949714,8.84790015394395,11.4959517858468,9.03560166047222
-48.173640196256,-10.7124366327106,-0.365484788432109,-28.0873962265812,-8.23125215294439
-28.378572010893,1.86444502807983,-16.5450619969573,-9.30902846376184,-2.95398435302678
50.5643704651007,7.74608902493158,13.5423947166621,14.8684625004999,14.9955654915559
-0.283469729905768,5.62984876330724,-9.39129346978314,-7.19836992810748,12.6956409167713
26.9324404976524,-0.627201131585033,-3.8421800972117,-0.399643828789043,31.1867311433154
2.69339042604657,-7.1033067581483,7.19021178637138,-2.47817101607403,5.5169746725143
-11.1628390294791,3.13238117852905,-1.32504357267392,-5.26588726449805,-7.41852681960377
33.3997467298626,9.18757327386263,16.5255370861692,-0.290050571474434,10.6519486858543
2.06741056055668,-3.46864618752526,11.7699476133817,-0.41265062097091,-3.9344320342779
47.2378539777114,4.46232307417012,19.2057564381206,8.23543827138024,16.1582376172852
18.7779300645887,17.2055677404577,10.7063626973977,-5.13147529041516,-4.85961114657788
27.1602424242776,-4.0816224144261,8.12291962081395,26.8261275528755,-2.24463616881927
-12.9126879162229,-0.257193165895195,-5.75044374736638,-5.35712295647059,-2.15459615440795
59.9033692972252,29.6453987901671,6.20602559987843,24.8802596061898,-0.384278758066672
33.335523081195,7.26109631840663,-1.44710269928575,16.0889862068374,11.6967449261407
15.5102628633409,5.58039000006789,-3.86165558488247,1.45572156462087,12.3394153186339
6.5447798618106,8.71757562391244,-2.33007533119496,2.52769829709166,-1.0312493486702
24.7028887579408,2.18480550011749,8.85693314979933,-4.75276119994528,17.5527045713354
1.08037822757639,-6.3537908305345,4.11814572509716,6.97177126056113,-1.88189270410435
1.32424712193873,3.80556406132201,0.326885771903419,-0.73812961557026,-1.68370881851017
10.3647175551792,17.9466725768086,2.90631172694639,-9.36463119742456,-0.336621034226086
26.0849641098346,-0.378473379495501,14.5496319662483,9.68613258354778,3.30467068920756
-7.81126873250823,16.3137335235128,-8.96693131794339,-1.09560686521663,-13.7372063040423
2.91068451134045,-0.723869720438817,12.2535067983814,0.480567716203387,-8.35572852318328
-29.1071637744887,1.745190377158,-29.9775038414367,-5.65005820037257,5.96849521852255
-19.2145420881195,7.88115152632723,-10.2092261273323,-2.14371121671398,-13.2915443820454
23.426248761167,10.4431368455492,13.5907322668396,1.87450012039973,-1.89546708918947
-20.4076157482066,-12.8114346790928,-5.11343667219944,4.72271177258495,-6.08359160117506
-11.9943314483474,-2.18216027183286,17.5819725831599,-6.3326634927834,-19.5203003982057
-3.60188042009995,0.033837968987131,8.5091141296896,3.9146561820872,-14.6571842998982
0.753430303682742,1.82970336688819,6.48415529878053,-0.214469520471299,-5.81785959601693
-0.86166223782872,-10.1572735134383,7.31101144791583,-2.24350560687032,3.43924029883388
-10.0341340633453,-7.95998712138278,4.86739131004291,-3.86138072569643,-2.26603226414344
-31.8317367096047,-4.03777126241207,-9.69404229855309,-2.09687025215967,-13.9594236422264
14.1099716506538,17.7386396949795,-10.3734873798506,0.223739852778079,5.98184839186441
-7.17630389869786,-4.50813334106855,2.8172408709932,-10.9316253003138,5.29197398066358
-26.9518931145334,-15.5009394353917,0.133542744446284,-6.389779901569,-3.2518646647148
50.4491200121693,6.82025678736017,22.9294937549714,8.00884658904589,13.6883999331266
16.9903000316828,-6.35773238907693,3.87512334701499,13.8136485207014,6.92132844536094
26.5333583138891,15.7253953609977,10.7846628074747,11.5550572904401,-9.71548399661629
-42.0671754887516,-2.96394157205404,-12.6142083924972,-14.6986368907316,-10.6920891503653
15.3100398988703,-18.3663660515093,-1.5106294220098,12.4004149428474,21.5068036878518
62.1401614793332,8.89249194560017,22.1041448644473,6.7159141079485,23.6611514894165
-25.2359714514076,-9.31923628590553,-2.74234812552276,-13.396247748756,2.85104929451468
-22.8197464824935,5.23140246825318,-15.7877335121948,-6.28228942110926,-3.82445612319259
4.05084215086848,20.037700884744,-19.2565970637481,3.36730398299432,3.26149568483553
-11.5622236335869,7.91827786512394,-10.5288309823494,-2.68114424885306,-6.62027231612312
-9.62194363862954,-9.5647655044461,4.79700874658786,-10.3629833872015,6.80102709863127
-28.856636642156,-2.15593584969386,-7.39237143115475,-11.1511802818857,-7.06948274646288
-17.0247438246506,6.59092197289615,-18.8327159239674,18.5675555440924,-22.2883752546476
20.2282139683158,17.1405247871629,5.13609242147999,0.353073636755997,-1.88077942229136
8.8626107110856,-9.11247003015969,19.8218347614073,-3.43849690470836,1.75407474818732
-32.4064944516542,5.96951808554143,-3.86456769005376,-13.6528278522187,-20.4930807564149
1.20211839017562,13.1055211903928,-2.58651962327269,-4.10084792535527,-1.9616721718282
0.492734087744125,1.18024381440201,12.0512601241453,-6.76239025219907,-4.3078121688141
-13.3330191656217,-3.6770173010833,-0.460511657845819,-3.29302744866317,-4.27200906623528
-20.2412811669929,-12.1206966441719,-2.16048927147041,7.78991382699383,-12.8319045006004
33.5995087947426,6.01810367259275,7.79089417207775,13.8532247195909,7.07142630911509
-1.87625273404431,-8.23472057946052,0.699503864265071,-0.770239211506818,7.02429630317706
5.92615930948803,4.98656869783161,0.534646778179764,7.74387058602959,-6.62291541629275
22.7522466437942,2.88409244438565,7.97887766648511,5.62489548549253,8.03776731478087
6.19440598700835,-6.67081769181195,15.1335771353312,-1.58840753631627,0.487261874872802
7.88198136590166,13.4274236133131,-1.86374558569844,-0.944277268137544,-1.18722502813861
-18.9702742780998,5.24977541674746,0.138412433812308,-28.4552013401913,5.17104932658278
-13.5200849102209,4.31166186153696,-6.85901789091608,-8.09630705740098,-2.38931927203698
-7.15973939371913,-3.58018008894289,12.8778622559604,-9.19015606252536,-6.22904425649828
-1.48665359900768,-3.33755114046285,3.42275099428717,-7.97896961786925,8.29773703846963
-17.2712988066699,-3.78573916616617,-4.68575917399369,-7.9921359499739,-0.0460802885637586
7.6903344484359,-5.18246218496669,8.05774031901132,2.3379806073888,3.24623461544819
9.99162203767135,-1.25474645484056,16.8648340023273,-5.27904682418501,0.363876233600822
5.76181020599695,-7.35278923233325,17.3543785875537,-0.209577543926571,-3.21110929528542
-26.2633080396861,0.70417391406783,-4.13370671323436,-9.72583057632762,-10.8719190796013
-12.3955886076985,6.99583729731867,8.10921327271931,-11.3930093970869,-15.8028200917494
-37.7989941046432,-8.32641891248344,-1.55829495235812,-9.59256035302002,-19.3146311738904
8.64178562933392,-15.4892023188815,9.56870738929597,10.8521768644575,2.48053275021978
1.52060389150063,-1.84308080855959,-3.06205709550851,2.95003220642106,4.34315330231783
4.61556055291357,-3.04930725203051,2.27553447922082,-0.787835925841375,7.09273939754452
23.1462735809983,5.16339513642081,16.5523594730337,10.194393698858,-7.59230148669089
-36.4522842566809,2.05160032085761,-30.0927811247847,-4.65643230437341,-0.278425543986068
-3.26756257292988,4.08328469034865,-9.3208453919651,4.40576417997822,-2.1376826676569
3.71991923485981,-1.95745521910151,16.832169193158,-13.3121403153233,2.17211284318197
-8.09337291873779,-0.478920374053961,-1.50810032590158,-14.4534779082797,8.59170441806422
-25.2137620791346,-4.56234509271104,-9.27752608743581,-0.234715249047645,-10.4760186482866
16.2803278353193,11.2279333481376,4.67265592842478,5.62049062615661,-4.02275292798278
-27.0491361020611,3.76346196821515,-8.89537336439938,-20.3570161447294,-0.529458884637948
30.4687810609879,5.75403886036074,4.54456616000298,11.9347812436184,8.90983922173769
-15.5053624720018,15.5849977515578,-16.8100694018322,-3.01778591140747,-10.0654850604444
12.1483514922375,-5.51094661812304,11.6780074136976,-4.37373822397,11.3673054506705
14.9925651111818,13.6386605221576,7.64164491985691,5.42648886016637,-11.3699370536174
14.4959027761147,-3.1286947635772,3.0085635965991,20.007259053477,-7.1987007101509
-8.77623620741944,-1.92811278592511,8.36665519265045,-7.15898661573721,-7.05905654338667
11.4799410978938,1.2780170323286,1.85443500966507,-3.63682756552216,13.8031631195784
-3.53928793130871,-6.90420662348287,10.9183736209906,-9.1697892658734,1.47004371157882
19.9094388254351,6.96442260986218,1.11071670114461,-1.27648508254593,14.6751855794525
33.0353056998465,-1.84983170321811,1.37430272568004,15.7601555289202,17.4383810316657
-32.3803702326237,-4.91343611359606,-3.7897552862529,-11.9243987175293,-10.7662290605362
12.3623241876651,-4.48431585214058,6.28438016687113,11.5266232490409,-1.09158112555707
-13.8681933962272,5.68713832847013,-4.17015501236118,-14.6049854544095,0.835666093571168
4.65606032407894,9.80695088785906,13.1878904151544,-8.68818063026345,-8.54019431448489
43.7512345614742,7.96787265532389,34.5428389965064,0.240649518752941,3.24725411583434
23.5388096125269,11.9858041340942,3.84594869541483,11.824853236756,-3.94403839804021
-15.2725154933502,-9.53918475537529,-0.938820026823311,-11.6791189957027,9.10338898432112
-26.5009277846015,-8.77679388788992,6.79771122401077,-16.7907287684753,-6.54816228628967
-6.41070719543565,-1.23552342944022,2.5593360970586,0.914702415908453,-5.48514586547133
-26.5307202855865,1.049609723276,-18.3377235970964,1.0049193838236,-10.199446311968
-2.50652587721269,1.97978412702345,-6.43508664069945,4.03819808482137,-1.8522264926701
-33.8984279455077,-10.4664582020587,-0.544916626663248,-10.3730837984522,-10.9121971319927
-19.1664980907632,-7.00453149041901,-2.85448252975063,3.26266289426576,-10.6270564771356
23.4865788900454,10.3044438258511,3.96427316705079,10.7393367673138,0.217274820282505
-2.42625463532616,-23.026903031389,5.28148137207748,-1.21057443021885,18.4412119723181
-24.7021441219009,-2.57860236504163,4.51842246954946,-4.50587063101074,-20.6834271539513
-14.7314068483574,-4.98895000313812,-9.83602457469665,4.41654884996821,-2.06517971735206
-45.6800733275495,-6.34640356415212,-17.9443355699499,-9.35795018684629,-10.5638721509613
-49.2216664014365,-15.4137883872441,-23.6770238407967,-13.8091317785249,3.2568102746389
-17.3620119742377,4.61838517852111,-0.735194461146502,-9.79629820986171,-9.59475243618963
2.81659092994408,7.13166402849225,6.78243745512593,-15.8723814327141,6.01832391711383
24.6391789201715,21.6393211624224,-0.70662713339962,2.30780792680804,1.48757614232314
5.36659849838071,19.3352189685532,-11.444771252792,3.24560060643185,-5.03005373941646
-71.5291478607826,-23.4176902317135,-15.9220925577066,-14.5032483599466,-15.8543458568
-27.3836053377183,0.242176360246756,-13.7217142985073,-8.52518105477631,-4.01612394803642
5.04574725343948,-4.34642127475341,1.90492309097622,-3.84559321315402,12.5680182590158
-19.2352719405915,-2.22976824411055,3.269954044683,-12.8420126627617,-5.77683669306098
7.46468522871852,-8.49565420317957,3.61597515681162,14.9720868618567,-2.75536169247564
29.2544635461515,11.9188768633748,-3.21139419995443,20.4625298862342,0.160194973788015
4.611865345924,4.2717051497901,3.25940589431942,2.92046276714326,-4.63688366304177
7.41750730657507,14.9810047243406,-9.08523222205936,-13.4095301910183,14.9862061460847
9.20902779209927,-8.67900183818125,-2.73478102104699,13.8657645799566,6.33708560549743
20.5164683127356,-3.91426480936763,17.1123565981518,-3.67594647894212,13.2114052116217
37.509661853319,10.8822657145957,7.46342393478094,9.98394121096885,11.8060922396731
-22.5989599603042,8.97546504271902,-7.60649519862075,-14.1062847056666,-9.1143694930021
-3.19047510040628,-6.912074569879,-11.5586546914421,3.395706556471,13.965031433488
-12.8211285557325,-1.69360258271529,-3.59423508917417,-4.27480148155822,-3.35624230927583
-33.2315907116835,-10.0921868274966,-2.98337578167211,4.98743100876978,-23.6005853059768
-5.12929320938224,-8.08218422920191,14.7602767348305,-2.46831287389662,-8.51680058795305
-35.8804771893761,-13.6279545199856,0.556499445843983,-24.7961895702633,3.65486637926416
22.2618194894642,9.82696275277741,16.9474753248673,-6.69401614811293,1.73326000982252
5.78609570596952,9.13567611927071,-7.37778125378309,7.55529120421617,-2.77460870328651
-10.9153552554278,-5.986143175917,3.66630791400436,4.74965065956713,-12.1640226944907
-6.63633303866622,-4.00583785906457,-11.9462484314654,10.3278610200035,-1.39659236700028
14.4262257261356,-5.2533087119347,10.7984267260035,5.44282208502171,2.58742144598972
-62.9625381772298,-7.05048713135993,-24.3087482795462,-20.8387373553326,-10.3566490868847
-9.36743675360592,8.17593605382106,3.32992139419736,-20.7197293497445,1.42215461457752
-1.47880009754499,-1.17178482373741,-26.1972616933444,0.166332924866516,26.4917106654728
-26.5995547916153,-9.29966506243357,-6.65153560219587,-17.0619311846549,7.33487311320952
24.5071376057697,-10.0343981080513,10.3606444804015,17.9988769074578,7.58841950750019
-14.7869792108397,-13.3858437982914,-16.4952513821383,22.6101592488158,-6.49115834492356
23.0783385301422,-1.35867510919673,-8.59200750635322,19.8304056755012,14.0122616943994
4.65227349769661,2.47325464152886,0.484384741077766,14.4055934689836,-12.0014228896136
-34.888348418405,-16.3734357874511,-8.2676630071434,3.15835728558075,-12.3559669089499
16.4275773839105,-2.80395271256893,5.53698777156108,10.1827234511794,4.33460127186245
23.0489188693754,2.13225739733353,11.8905357448629,15.0057686533143,-4.2316241653496
23.9248116927288,6.80696732770069,2.03436653992446,3.86394379492969,12.5707883486973
39.0676669133014,0.719010309393044,12.7496890358124,8.70679404565474,19.4953802890083
25.5357001574415,3.2962930662292,5.32755178737136,3.75485395337581,14.547244410663
-7.12826233278297,-0.531309184765673,-10.8010999048752,3.37634180963926,1.09914527072294
-1.26143746519282,-8.64423549843282,-0.753983770271378,6.79024503852306,3.13154945333998
-6.15908229592041,-10.0314544676676,21.1157543021245,-18.9897058584976,1.23610484237844
-18.3086893900046,-1.49680304145915,-13.7648187688072,-7.39115582750407,5.8100918478628
-6.02943267172416,-14.5453817345423,12.6561965564741,-6.82713299092293,2.93602679412047
-4.25912305064968,-12.7693052063275,3.48055570165759,11.7090742511904,-7.20718120427035
-8.56575217395007,10.6353107184317,11.4857035138257,-22.7159746486551,-5.118366414104
-13.0642389916791,-0.376896925530747,6.11877584662874,-5.06698673687915,-13.6505055839287
-6.41224928668727,17.7486277855981,-4.92269920609837,-19.3250146066853,0.206049360467058
13.9844573768181,11.0371905382396,1.79225713612307,-6.85491430050137,9.2992461307093
-22.4451489750976,0.0957302161154327,6.33085389992478,-2.04494674441213,-23.5318842900813
-29.2107783805284,7.41330583012227,-17.8505714938414,-21.8373170701134,2.80320334345067
-15.9616261003236,-16.9204251199773,19.2647174252928,-9.86771013189321,-6.44938616417659
10.7047102342874,15.253588934177,-6.97835505143536,0.917475018423732,1.86468959874949
-30.1114902753792,-17.1963883519649,6.9662605887578,-14.1090624042324,-3.83750882673076
-7.51585625308111,-6.15627132601823,-8.56279212938359,1.96770103331944,5.42431795713495
28.8451903818722,7.67619252322772,5.1236379421162,6.09769769616771,11.361848217978
3.33927182055762,10.2391941757037,1.20581127535975,-8.38599813590185,0.387295823243693
30.116209452457,27.8435011154271,3.20360465721384,10.0707721775571,-9.86991895113109
30.327575069452,20.8592293946636,2.18969687499614,22.2541043417426,-13.3430299166176
0.0574142486422797,-3.02075379163529,0.398341899726336,4.30278951835423,-1.27666048700086
8.10808222177335,13.0842821409263,2.25939312300354,-2.10480576394611,-4.19010360469118
-14.019628641596,20.7082892920064,-17.6526349534666,-3.80648258034416,-11.427194888438
35.1730620256508,13.1078346022227,20.7508096574335,-14.5802769997243,14.6762827466846
16.0206816755783,4.11058968707088,9.23034961028915,1.09018408356183,2.7215987867439
62.7363663872325,16.3124834992906,21.9299237683381,19.7640025818688,5.4291314996011
7.00382426712262,-6.32528972433906,7.57440638670387,7.08723345539899,-0.335927595978898
23.0569464657824,18.2298225323648,-2.62485064863858,11.5289308283883,-4.45111475622024
-4.60137898673632,-9.7826599479652,-5.40280231595618,9.07265600659897,3.01906791804236
-3.37159376494994,7.5528164629869,6.70639433834502,-9.50355449094308,-6.90835394754571
2.39340009304207,1.36419249467096,4.29669201083127,2.73652103103196,-5.4433346460845
-24.7779048604184,-3.66596543903037,-12.7613545025896,-21.9441096862281,14.8416265670406
-32.3916083841404,-1.53088350296392,-13.3307875890298,-6.05751812506676,-9.80377128926864
16.8137367038743,-2.76356782932662,-1.11344623755953,17.7417431283667,4.13684857608382
10.1380656652224,6.68996841532795,-0.320600625612718,17.2244037093933,-13.477757462501
-23.9854635580829,8.8390087937605,-13.710916976974,-28.2243947136285,9.15840650324957
-1.17224073578163,1.48241238846576,-2.66029394475103,-0.813618635511753,1.60945605901266
-25.145204279097,-0.612865400219329,-17.02027338927,-1.0075388909939,-4.76048992790788
-4.30502517463673,10.9189691997908,-26.1919153240421,0.750099796777979,9.59035368993951
-4.24161042340536,2.57450070330495,8.96938040434637,-15.5308065928173,2.361232326683
31.8116818498816,15.8373641924992,22.1486558008786,-1.14218556981486,-5.03570263476959
8.1660224839536,-0.944072348660787,-1.60802853615647,3.88067336770608,7.55589990096094
-11.143460121044,3.2465704321268,3.22649077202596,-5.28866702659165,-12.07179900045
-4.46746604532579,-10.9566728526102,9.21557011136647,0.302142871022701,-1.95121226525604
9.78149757927786,-1.61662126064697,-8.26251656221809,8.94702704783117,11.4207773280334
-17.8345445264964,13.6173077850816,-16.8823398073998,-4.2127938214429,-9.33909031711933
45.9712496394663,17.1455778243441,19.559959524377,9.37495460171836,-0.574183426453471
-2.73521783318055,-4.37764135311012,0.631163621561742,17.3208104507818,-15.5253797096171
-7.34784915871905,3.90205616913703,3.2603517427734,-9.46521190385168,-4.57483967117624
-1.99146599538409,3.52481062207855,-4.36818323569886,11.9177762594144,-13.2208855650976
8.81771320425466,-1.65864711463652,-12.3962452736629,-3.25206976919982,24.6303652067562
2.2336634957609,-10.7048400751606,8.36559873558804,9.53460395194164,-2.05084836271089
-4.12076201496638,3.45864790929531,-18.1158097523208,7.72178427636512,3.63674575584499
7.77674223129297,13.612233881263,2.02826060743055,-3.88511105286833,-3.7532662179595
-14.2969226196671,9.44707864070333,-22.77462800812,0.874903116849401,-0.102914854663703
-27.3998080158095,-13.8508818472111,-18.2701641018505,0.287730324451575,3.93029473199986
-19.7198167260531,-18.0686336407405,5.5570163400639,-18.7568320362624,9.63737429404277
-16.7869180596673,-4.37322213580589,5.37958695469097,0.604556702643657,-17.1641902638799
6.48688193870169,-15.5969805090821,6.78935189385373,7.28197699573408,8.71489309083906
-37.1636538532138,-10.2003265113083,-9.63521479184704,-11.381160864796,-4.59043667818054
8.25043039105459,3.21829817936172,18.9112703402069,-1.68115517873291,-13.5734657766702
-4.86989622880864,8.78556252828003,-25.9438538525371,9.60376944134026,3.62934559991048
25.7265252809148,5.1326529767045,-2.41474356426106,17.7036112235266,6.48628997473615
-12.2063989493631,-7.85218383421656,-5.60880477716671,5.2602347594402,-2.64849915441855
6.57780921755257,1.53185905767782,-4.06009105688756,3.84241533232546,7.00850870653202
-14.1443782167851,-1.95674232234278,12.698445469121,-2.91914397210974,-20.4260374459195
-50.7751894806127,-15.1922471187702,-20.0910487157971,-7.4929992886367,-7.48952987322316
-14.2550094586718,-9.82825102331017,-1.69364353131769,-5.06955471442127,4.59572796220818
14.7194694490829,-8.32441640256882,9.25605637252906,18.5065623996839,-2.05611197292247
11.1945482578372,0.600199902502907,-2.99336088561742,6.33255908478006,7.95187536859048
0.021218439880629,3.53927912882704,-0.0106446380555862,-1.9821987554443,-0.414671487302717
-24.7783980437323,-3.90910897467808,-8.040658377894,-13.4095009936328,1.51210980500661
21.7422430732858,-12.6332377121229,5.72755894566634,0.258455981832495,28.2653597227275
36.6341422535694,5.58900150419731,0.908374688601797,4.30942523190022,26.9091874818844
19.8826866632074,-9.22816290060816,14.0930023425963,5.95932044136241,10.2458912694021
1.50297045362963,4.48829576643138,-2.8664256056315,-13.8711305685181,14.7745855621292
4.73164179851196,-2.41812849573191,9.53154552950414,2.224885224311,-5.59421321849448
23.3579524405979,19.031555994407,-7.81252365625548,-5.85024209514875,17.2066344553754
-8.80160930638733,-9.91764522537668,-2.34630369142048,1.72577993310561,2.38802227120002
3.20062490420326,1.79851249364274,11.6630765812877,-4.40800150780536,-4.28126131282738
8.30371987339683,-8.16079410500675,0.646479886328322,7.63334942281901,9.21296515643713
34.3436563524844,-6.3914467965698,15.8991412542656,28.82458775143,-2.96984343779984
-4.47415027759593,12.2096728419383,-2.04142202476099,9.59764036703773,-22.2756133190691
47.9981455743661,13.7382329735371,15.3002673017945,-0.0874320382256475,20.1154445227897
26.7109390090391,5.31831424312006,-0.253993620422766,-0.376227409014253,23.4188052870354
5.20825300109667,4.6064715340187,-11.7158595607236,6.38503885870502,7.13524123017161
-18.4340322950093,-10.4547378141084,0.195630185431429,-6.20767944765876,-2.94058245804911
-2.52337046801404,0.151416413407234,-9.50298664194069,17.8073093246663,-8.79080681526139
12.1082236726659,4.46006884106614,-3.42756747301491,2.911498103912,10.7665698588335
0.257154481043426,-6.33395705466828,4.8619650682737,13.4007768354189,-10.8076569133716
8.71614956997265,11.8015072584567,0.475901076187418,11.3345176495458,-14.9141737027049
-5.22101474094857,-16.7371192103195,-3.1306051617258,15.6977837304236,-0.317290121882056
-1.06487263748963,4.15896729145396,4.51538718268721,-9.82543905239846,0.176309598866716
12.4854086219993,-8.45073315665012,-7.52045369447555,9.39389195031966,20.0286439648199
15.8033815288588,7.86371964747023,4.72581782880297,0.660591007301759,2.71354133129628
-23.0000362363796,-3.91114755322702,-10.2927531799321,-11.4437980936379,3.58256768765929
-0.635674298936134,-7.51548981534323,5.32125007478446,-11.7454422752744,15.6084022523191
16.4088732315176,-6.63468741847447,2.13085263413192,9.73001100760813,12.854277620462
-10.2687334554592,-14.1601358044319,11.4641204184031,5.70891602984016,-11.1279123899659
29.7270294177841,6.12654756951469,-0.679213547272684,12.7999222659727,11.3597033867393
-44.4298985332856,2.09183386486831,-9.0429456446936,-16.2335042699099,-20.4488788419561
-15.738913663129,-3.8162425588483,9.45935486532312,-17.5350687128932,-2.42878901657215
-22.3532655915444,-3.39851439072291,3.73115212445162,-2.89112103020359,-19.855960142431
-25.7166031095889,-8.04852057379014,-9.24747358478295,-7.7688744938424,-0.529825292517063
-3.06912687558118,-16.6312977809282,8.28877477205102,15.8460871032682,-10.3124156915034
-8.0688706111704,0.0736551446136387,3.66822694765234,-4.97991901604831,-5.62700961911609
-1.2281179142521,19.2238932629354,7.55691722062455,-8.7212797196355,-18.1151409610106
-11.7377385375541,6.74021952768569,-4.7233727350462,-4.69794982125008,-7.80193507945709
17.6754927407338,9.92915873759582,-2.52813771908542,8.37830966723581,3.65183178735389
31.5751225704245,17.0614311373258,3.46619374563447,-4.83858538807609,16.1219465744587
-19.9838326123382,-2.36466896220654,-1.54608679840022,-11.1652526028994,-3.29030031308288
0.954249639008343,0.278249214727498,14.3284076191019,0.353755692499669,-13.7871098935926
-19.1170716375501,-16.8329740202773,13.0066958242192,-13.5739038386374,0.431535326495126
-13.530333603708,-13.8988948570935,2.29607658671372,-2.70663837387489,3.88029717847755
-44.3793069025813,-5.54669097073214,-12.0547515309931,-2.91880565047926,-22.0295593219835
5.21703022880161,-6.78062547281951,-2.00628875488297,1.83244647310713,12.1445065020402
10.9369997684136,12.1272415982103,0.0381458694084746,2.24390580643877,-2.93449728961184
19.0115441120137,-0.122488130940103,3.53553101711345,2.67658981868948,14.0193550531737
29.4135768404332,-5.04641731963326,17.0102366168267,23.7565784543625,-6.45876977437979
19.0749213349349,19.6158135304238,-8.47786274806654,-0.963462581726315,9.78729152018662
26.6102773005988,-1.19052530374565,19.0290605967913,14.8797928446225,-4.64850473303318
-6.85488857660587,-16.4076936942488,12.1996327964708,6.15546394228974,-6.51401940293356
-9.63561120443817,14.6092710007214,-7.71283354956945,-19.0161906055152,4.77563630019864
14.5298467755746,10.9371900693534,7.44842185700153,-6.67574136139903,5.0949823398076
18.2448730239336,7.9988937766887,10.9218791820717,-8.05614699958295,8.91881634621264
12.7055108039855,1.75738191254502,3.72232852502993,17.1870069297912,-9.98168079845704
2.62427160728989,2.13469453848088,-2.68949502558364,1.12511992818718,1.72867141090732
-3.54350359011479,-21.0010396878678,-0.159925951795477,17.8650681823504,0.874660143851204
22.1048865483785,12.7476446560548,-7.22991448756867,7.20579865732738,9.0910600997787
24.7585510904397,3.52400741567759,19.7000059622623,4.92165101484741,-1.86143218072449
-42.7059242614377,-12.963914712279,-10.9160815675976,-12.7015862852474,-5.78261187563789
-10.860315223626,-6.16163674753383,-1.14929594602797,5.16931008042702,-8.07377522417383
-20.2937028876277,-17.4837080146985,-3.49880000990863,8.25013928508182,-7.68410603135888
-23.3186858540363,-17.8429763947795,6.86201171456159,-12.4250822471633,2.27123744396809
-14.3524980178125,1.98290803491736,-5.81610045383013,0.999241027933701,-9.95967562896312
11.0472109064624,7.44344664389112,-4.19641889378232,1.40231624987944,7.32116243648822
12.3592740566802,-7.37563500503196,5.77515022381175,18.313759649677,-3.86591844555732
-5.61841491965156,-1.9006243662706,-6.346920154553,2.17435020995731,0.737268953703101
33.6656490735569,5.77604542174926,11.1253867112904,7.01062410299505,11.0547974036111
27.7486420110787,15.3543847613631,7.85059531429242,11.6952428715825,-6.01923860406258
-18.6485720224903,1.85900427246762,-9.81487351304237,-8.42571666027676,-0.906707652133963
-0.12453187283698,-6.77402904961479,3.95357281759487,8.08389139079442,-3.99596119201793
20.1046021739873,0.126323240541691,4.47565259725085,7.70158230952809,8.41487280997919
0.90221717315356,1.6650699144804,9.21348205553033,-0.686410433768719,-7.64361695850081
-37.6528602787253,-12.9299907984821,-11.3651125117505,0.891939065252524,-12.6621216935152
26.9564982716721,7.92727856468528,12.9055264161726,3.9543394915396,2.43545024153241
-25.3636843015291,-10.3069880352473,-6.06609634799154,-6.78567693891393,-2.81320726080928
20.5888729617778,4.4405057583039,-2.05291884208221,3.96377983416731,15.0504788518939
-20.7702383528704,-15.4487402100275,6.33321735170102,8.7650766486803,-17.8496305786477
-33.0721203128001,-7.99747089271576,-4.96498933736736,2.99147928305121,-22.7701634984379
11.4248987875042,1.99848049616048,-2.5162927283319,8.62100695395223,3.87110581190467
-46.732409878349,-3.71380118003639,-15.4371345367641,-13.4057723747769,-12.5946087543253
-29.33128377466,-7.24077065217025,-13.2005761787248,-7.200446672713,-0.922312364085555
13.1905811123695,-1.8660374167665,6.53537113763541,1.21419699298555,8.50406416497744
-0.0154031575755393,-10.8744023998307,8.42814178072026,12.9781901740514,-8.82257212299494
42.5834838119672,8.48225280071699,0.974674023714864,25.6283427848073,8.62618145201379
-7.03588357952397,-2.83140362721462,-11.223834421654,-0.417602704867746,8.92251434457212
-13.2882442806117,9.20674052883368,-13.4881651663771,-0.506471798174378,-7.09235113653853
9.62702714009241,-5.29208946521543,-6.34238608451705,10.8052184531158,11.0916772805516
-2.22973342290148,3.23522719640239,-4.15630422737932,4.89248155872801,-6.30992769100545
3.53378583812805,-5.80429946077088,7.59726847356395,4.45193556268732,0.30065763447449
-13.0385005734365,6.97891468254974,-7.92963336540226,-7.64783367294396,-3.75270049879107
-8.3035806916617,-14.0317576098443,9.42971885176305,-6.8431863383966,4.5950731448919
18.1503180200225,6.87395814192735,6.31823223890086,11.5137146406341,-4.75636552864859
21.2758584751781,9.85345786274387,4.31508113890816,7.11913234335204,0.790458240281452
25.1063932049571,-0.614880256700821,19.2367420160236,-2.70499008338006,10.2693663095772
-27.3716753389383,-0.0774302911195604,-11.9953513534029,-6.00335491959641,-6.96046285956105
-4.95216817789753,4.04977278656528,3.3503871816944,-1.74824435082815,-7.89235320618053
-8.41934869245723,-12.4901471317822,12.9488292002309,-3.24944974982452,-4.86089140702015
-6.14959623307396,-2.85604292258983,0.920708342085065,-7.25975331215771,4.90085255101885
25.8528427997016,5.38061638697248,4.5524608536886,-2.16554041729353,19.1930342657945
8.89331555925148,7.46553638080079,0.353676802520725,5.7549374644257,-3.17535150458511
18.9116937729183,6.08174894830291,-0.712246531680879,24.5686522344552,-8.75135667017926
-15.779499838816,5.70582756625392,0.612711077369876,-13.5071042087895,-7.2906937923983
10.6426559420204,-2.82605979118816,16.6651268476345,4.18351094524019,-5.9062749771174
18.9760481656593,15.7925899433033,-0.512307157002649,-2.78741784631098,8.90962757923053
-13.8979892485451,11.6465453199589,-16.8472870578364,-17.3218798645892,9.3567577913487
28.6743453799441,-3.88844416536518,4.79255030568349,21.6016286315972,4.51940553243976
-9.97105893467786,6.25750118319844,-16.2621974487657,-13.0167048118473,11.7751896994368
-6.77354918304186,-5.93691778662729,-5.56357308784347,7.35970996271308,-0.967046364292334
21.2165844416996,12.1254389008961,12.0200871505699,0.207028073192393,-0.437118605782866
-2.70854444059572,2.1369619104883,-0.169113541365181,-1.42230153764955,-0.786584383467619
-33.7155006447532,-5.95311095739071,-13.7648020313887,-3.87801913476013,-11.0751819448984
-1.72673889296377,8.1879185176,1.27352151419946,-5.28314272009322,-3.94087067943199
-4.36061744143281,-19.0351799376739,2.04834665337789,-2.06291445361863,16.6623966417077
-8.59454877454808,6.72263685346108,-5.44360132780003,-4.95350736732538,-5.43678444949464
-21.7478487381327,6.81213564981203,16.0630344037777,-29.1741196330748,-14.8781007116273
24.6040916186092,15.4479474730286,3.20602333756459,1.97708531900438,4.16853110615374
-13.7422449284563,-7.37294511962778,-1.27314538146936,-7.23480362661507,3.20871677504964
18.8591868578282,-5.72879958850018,1.57871603486872,26.659696912641,-4.66801792941907
11.1555069099483,-5.48685899601926,2.24554351803255,-13.318659499344,27.5789563861477
2.59547598367176,13.0855886838919,-0.509127791631413,4.48431198449751,-12.5251895551592
21.0689600418741,4.78456466446236,7.54711440870837,5.83535852626796,4.09629536724753
-17.3048330386004,-4.69939683642465,4.60414174995135,-3.58981406903712,-12.1130431137518
7.18124096649342,-7.65682918868626,-0.974619007342334,9.4344989869147,5.84979413195992
-14.6608709720447,-2.00076147436189,-16.6696192319979,-4.94800995406817,9.44634547043047
-8.41588642280429,8.99626166950949,-11.51896526754,3.43246747262153,-7.38062622754501
2.81908346082345,-17.6688441419224,6.69039163072721,7.85394173263807,6.92832535722647
-34.4317860770884,-8.77430949284166,-17.9943469189852,-2.56768622075336,-6.07597849233641
-26.682532973315,-13.8760065967984,-0.0167224501213447,1.618302014595,-14.0889248394219
9.23112820459999,11.7159004143521,14.9444565591942,1.48336762695697,-18.6068020423096
-5.9479549672201,-2.08232714626104,-4.13962589054277,-8.39108325894368,10.1503119111231
-16.1549584323727,-5.02057417825076,-6.30204902076756,4.48937159730924,-9.61892124983653
-12.6911844250101,-13.2517392167764,1.63435115360389,-5.91335292844571,6.28030390162693
10.2108883862039,2.8644580856137,3.95148897378207,-11.9768352967894,18.8595428826211
26.00910717039,-1.6357838012874,23.1842288324191,1.98348459163729,3.34504420519192
-14.1018537090888,-6.55063252291836,-5.94207448903053,1.86299851893355,-1.43429050137929
0.575514648487424,11.878657390624,0.959177126299574,3.20111019660286,-14.228158565769
30.3159897732147,14.4375911525243,16.4230961396272,10.2111106776388,-8.40310364851309
-5.16260302133013,-5.65998761299677,10.9985136229361,-1.65326674588411,-8.668527683009
-11.907685336532,6.68773157247914,-5.46364848834025,-2.0846897769047,-9.41460421444877
-21.0631620035252,-7.61495724944796,-8.53874022444384,3.70855927580134,-9.07949743604715
-27.4319690286779,11.2522182877906,-19.6368284581946,-1.24254932039482,-16.843235201069
27.7440113308944,13.5457097253607,8.33951278210048,-1.7977090863066,9.32395048418709
-13.8683231331066,-8.75054099782887,7.86939037152053,-7.76342506683863,-5.39646344350311
17.8460013877621,4.94294524554682,-4.61347098725645,8.37954417638301,9.30880550862108
-21.2205543196994,-27.8541755280959,5.12743529812717,-1.35083602935668,1.99408848403723
13.4693525878394,-13.2054586213831,13.6849370313232,-1.09960406872565,14.9833527603356
0.0486902458067784,-8.13851668774688,6.01478096900074,-5.4594302078809,8.6099724755957
4.05643164635141,-9.85892820504188,-2.86390663693642,13.1689650482115,5.76353458031875
-9.19653452129918,-8.16346327113776,-9.83024407642943,7.13967839298406,3.56591258876457
15.1632902971844,9.18422725739757,-3.75698093643756,19.7834670175099,-7.78111926236895
-1.56290582808194,0.75853820956467,-6.79235269130457,10.6963901204162,-4.73074570872237
5.9602716308283,1.20362738155128,8.16136992930423,8.44614961353966,-9.36126114577977
0.773415504250371,-0.226972637685708,-3.53147317366057,13.9281677433699,-8.11443561126957
-3.6332203816877,12.9413510665961,-0.193569117824684,-5.65041338122299,-10.815534355345
-24.9988112149871,-1.12879691395337,-10.3441629160432,-1.12584099708966,-10.7135797268402
-2.13479738588588,-3.9490841373879,-15.6849845455922,16.9073935383901,0.950147463365714
28.6887665851025,16.3972397522439,7.04924168827511,13.3661435235906,-8.15496249161007
4.64893737828626,4.54985776139716,-0.591121283981219,5.7935854780933,-2.66853620374561
14.575368750688,6.68342134251637,14.0961124371089,-10.5741407549957,4.80905171496326
-2.07948986416733,7.82398092721067,-19.5795162023354,6.67855646234276,3.48756049364283
2.77547658664893,0.0911654867247133,-3.20877221319276,5.61412388438489,1.04874513673437
-3.38166439600394,-1.11287008744257,-0.578481333246131,-5.22544684032247,5.15289862659011
-38.1271819783651,-0.898876955030269,-30.1846375326176,8.6039763521202,-15.0660156258513
-5.53796538875361,5.02443931098387,10.0802933238167,-21.1452606174641,2.60429642826879
-13.1763164591107,10.2674581520863,-10.9470162387597,1.3240285819713,-12.749636697555
-11.1363900551662,-10.2255774608586,-10.7362414203002,10.0877563100777,0.161267464913368
13.4862309400868,-17.4116998805687,6.63754223901113,9.35811212002275,16.0336213644171
-12.3409135892879,-12.918019494454,-9.90631244913586,11.3747050682805,0.161833023487255
-0.149963742853419,-3.76998479639178,-4.42322323662844,4.92816969390098,5.50178480853783
-39.2711369706115,-5.53140577828131,-18.0401885389314,-8.83231857068465,-6.97542948919155
-10.1810172529287,-5.25318314611536,4.6869927723149,-18.5274287867224,11.1519560378153
-16.4844577190836,9.0080404611537,-6.52001314329984,-15.537654935299,-3.96387688390549
-24.6438869995466,-12.1459766134319,7.8131426840443,-9.94309780646761,-8.10321535423183
-0.0727081582512272,-3.73892627377703,-3.7518504840585,0.0969075787707559,8.71099334011287
-2.17348191421123,-8.71020833904163,-4.30384766795793,-5.03865361543405,16.40065522937
31.9531208865469,10.2194974230344,23.0991366148139,-3.17636989001964,2.42108214934826
10.9881513862205,-1.72989874918871,6.41896806879891,12.3944995309051,-4.7809499653299
20.8804041347476,11.6436815234883,-2.74445644395754,2.26818863891863,8.24087370864972
-1.56449936079234,-7.44063599678931,3.70419658477196,-2.81968745188031,5.87666981322093
-15.1494760479096,-11.5372125249116,11.7208023254185,2.56216333221033,-18.0690521558616
-9.88501076352908,7.20125654025918,-9.35810670074263,8.57811492256898,-14.7835152447823
24.9352251555562,6.82922317186849,7.61551701243928,11.7155232552694,-0.110562493435979
-3.25933252685332,5.36945342516512,-6.84595216481941,-0.357168381460728,-0.580810806139555
-2.52549730501674,15.4043448297068,0.253874870714352,-22.8880791573514,6.4620012296761
16.4002119508061,1.10394775353273,10.5844884628299,3.87193527942238,2.25701511750852
-36.3853314966844,2.90337595732149,11.3218444755123,-23.1799866639081,-25.9286151273313
15.5961109214166,16.5430731976396,-7.1592971615016,2.81036434535089,3.79643073617761
12.6685060837725,6.21257254684573,-9.798625882335,11.1112724946575,6.23696015507574
-14.0564355256939,6.06050132204691,3.8307203008349,-16.3126547379225,-6.07224957741245
30.860343446689,3.61754360938394,4.50396037813977,23.16426986879,-0.722489761033164
-19.295379559794,-11.5332554504614,-6.22246391774684,1.54399503366878,-2.05889063326123
9.86229427595566,-3.30661061550295,-2.71724808746218,14.2434572352733,2.39268321589752
-14.8939101056626,-21.4513664725339,-13.7925609813663,2.17737196337998,19.1686540869464
-31.8396974599569,-10.5863961689757,-8.23847261004972,-5.99015357125239,-6.01864955874849
-29.7655324999851,-7.29949349331943,-4.83526000127104,-4.73530047804043,-12.4151750467556
-8.21289212836389,-1.24926959667442,9.24203740733619,-13.5571961538941,-1.22807036883352
-8.06949434330861,-2.78849002586967,-10.3988978603045,10.8357905197751,-4.60820194783121
25.5773181425207,2.28558735216036,-0.170096377865048,12.636225477852,10.9339488317479
9.59545066820583,1.57741908441122,-6.05732173523047,14.9445794863798,0.602350104655265
16.8905987508405,-3.45643950716005,20.8740523553321,2.74567202312847,-2.51717904979486
-5.94887962119067,3.63541043069896,-11.7288609027061,2.01929400826822,2.13924196904016
11.8456522123289,1.87622951783551,5.68909087584026,-7.72253812483683,11.3078372903031
-11.3442229279564,0.023226059117557,-10.4463802292529,8.8496251842355,-9.19199479507279
28.419026562814,4.57989817142071,22.2467549786414,3.11760104354641,0.135010535469482
24.3598763458498,10.198206653127,0.569048376797707,3.26315368431204,9.72593731230452
-13.6210371182204,-3.29801034733734,7.48348719727231,-20.6131102052425,4.20938488306844
-0.965171400186485,9.28649582179867,-2.66045999286441,-7.30398821353789,1.04608866664042
-6.62115340012367,-8.62998411226771,12.1704246066275,-6.89249778329516,-3.30595757577212
-28.5133150272,-6.65342548869921,-5.50881820449795,-8.65570279761419,-6.24230105303562
11.91856881115,3.11170744636955,1.27413741655724,-0.551978657331519,9.78929133203976
9.33548731976163,-1.61302408063495,12.0189259079582,5.41414522255185,-5.33269612792946
20.171372990243,-5.26940115391382,12.7193779998768,-3.22123889867171,15.4309198531954
-35.3265889127782,-8.84904511955007,-7.47108578578449,-16.5305872696355,-2.65337429133152
-17.5656763542847,-8.94128942120201,2.54515425309461,8.89950455724129,-20.6499515845441
-36.9375161078881,-0.947976260925569,-7.27683164128804,-19.3463407389881,-7.95665427224265
9.05611798302634,0.96845017730639,-9.78537679242917,18.1307331036574,4.1677266493474
15.8085766819711,2.84433678514474,-3.66669368993581,8.42508668002623,9.13410038070231
3.32439899794577,-7.33096133805634,-3.71801441871078,10.7640913202609,3.85044826735245
-12.9222999515279,3.46406120074469,-4.73939095793404,-9.78829315915008,1.23518989474706
-56.3080654515875,-9.35579590279879,-13.0465523815635,-16.0361869478748,-16.7483913414903
21.6538216793291,-1.73872043746705,8.98768344617497,10.7530832565704,3.36104667086295
12.5085352790956,4.82941414755901,-2.67938788271296,10.7244537060171,1.03902106609675
-8.65765529922857,-5.64094266596027,-1.37747548138569,-3.52561325289633,2.99642793395355
27.450051476667,-4.56457254546185,5.33298662870515,27.4989526751163,0.647761315250343
-15.7920152997978,6.15821737104679,-2.80319227357145,3.16009898844259,-20.69855281401
-13.6977507132111,12.1523173284197,-9.58276420165618,0.0494481349312804,-15.1510674295901
-9.47922664401423,-3.0728424696588,-11.8616587821834,-1.27103059619028,9.35912975254342
9.88440762729641,3.97171437178298,13.7880962048334,-4.14969780726097,-1.73424351484844
-3.80321030935908,15.8253291447328,-4.15939706827552,-3.28160258587004,-11.1023317872551
14.1528998887103,-10.266969902897,3.21373273472902,23.525082453962,-1.6284686780194
8.63512314404501,0.188149374065962,-2.11717334565837,13.4454472727558,-1.01558578434069
-7.84284140909888,-1.04561490199272,5.36542703743321,-12.7164050536157,-0.265604211729086
-19.2846968400232,-7.71355047885275,-4.12946769099922,-3.06423054372932,-3.48554411529644
0.273278317222081,-5.13611342423377,8.73927217697654,-8.42524132352134,5.39132099849397
20.9172633380597,7.71498293322783,16.4044774024514,-7.56066288684603,5.29641981669761
-11.4408724044007,9.99372130335186,-2.11943667873465,-15.6356986440171,-2.6887090467368
-5.32403187306702,-6.07140117792417,-5.37654612183711,-4.80465977799726,12.1086040502591
-27.3107588003908,-0.704890362735925,-3.63143250580789,0.87132680506819,-21.3803250803843
2.48149025455639,-3.53373619731961,-3.8590248665053,6.70628019802546,4.01196361351874
-3.14385695555291,-2.08687283113255,0.472031989306974,3.00636269722457,-4.42943235132464
6.11225941274202,-6.18940983758681,2.89596630617705,1.82098465951768,9.38063331534696
-9.60034208998101,-12.1561014443067,-10.8032336091805,14.3674789389453,0.0195058036806697
26.4722377929278,11.1511231432261,3.07018779357691,5.54781270754239,7.06863334480124
8.31269703767587,6.77473000438488,-11.1261620969975,-9.89263652254408,22.4416764656338
-25.939481960461,-0.784317387684064,6.27387010424628,-18.5142755927362,-11.0885170976345
-24.7564782459431,-4.07872581032811,-13.2383328489601,-17.6684049134343,10.5382860450153
0.908737096993469,5.76175959776195,2.45595433339878,-8.94424839921051,2.99160974557485
15.6561792179706,-0.791353397815764,-9.58749456274014,23.8181924648885,2.11264757403516
-18.5284665645874,5.65931963669657,-20.1252025530384,9.36344356565711,-13.0494429310285
19.3844068989363,-7.11092752137488,10.2575274646064,7.59593520019451,10.9843468393332
-1.73013881427185,-10.0935600392947,-3.79308703061403,5.60546690610864,7.13886689560193
-26.0149731344525,-7.56744546896985,-10.5370451938464,-2.09091289004976,-5.37724553996043
14.1774160271029,-4.42964624505878,-2.06356750264823,9.71832625596844,11.7822042622224
-23.1004505528674,-1.68672530035021,-9.74587765382795,-1.22194778601973,-9.33073290306213
22.8952453555392,5.6967885287668,6.07397311824552,-3.22345896797862,15.8665973512541
-2.75268775471868,-2.54401455650001,13.7787068052222,-1.21355716899341,-10.5115720722803
-16.1317779193643,5.37652466776954,-15.3074454467922,-2.01343968927985,-3.65121311874631
4.70723438493162,19.2407190189798,-11.4421177254741,14.8468869567673,-16.1105856937153
-28.2982386379098,-30.4542175287821,2.95250953688895,-4.77341612631346,4.47310185809021
-3.85735762990818,9.27841194722648,-2.66460302355786,1.80420018450323,-12.5012005545282
-16.1579680267569,-9.60914189112074,-14.0739686199465,8.91156735996038,-1.39191780955835
-12.9924212018222,2.13015309692496,-11.2759700495823,-11.590034599146,9.25772058291607
-9.39665667333811,-3.49508872688369,-8.65178321674026,-2.31816622864953,5.89796722121659
9.36765007989484,3.10744890127249,-5.52977620361852,7.84189474926115,5.99274719230035
-17.501571541794,4.15411261304328,-15.7163406130297,0.65787480910616,-5.95109762669561
5.84551168817843,-0.0470892907806035,9.10253245157359,2.64692141415732,-3.74421463043631
1.6494534378225,19.4841713478356,-2.70239595065604,-7.23830147363532,-7.19463751518789
38.8803797082959,20.7362902398032,8.22108869716329,6.03142702593711,5.32940472700666
-6.44068648628849,-8.95463216819475,-0.94455485925353,0.837102367782164,4.10254016588039
12.6230627586553,3.75321336864967,-2.81160165056548,13.2852373460379,-2.3539975278376
-15.9106097066577,7.10395749679961,-18.3669007330182,-8.18048062439609,5.46451547804952
-7.28051729882116,1.68963422160249,-5.95021790964018,-8.40693646503128,6.07855420880279
39.5008557974,12.6181879799618,4.23964315682778,15.9675653967706,7.32933442703843
-52.9644967414268,-0.480497740554324,-24.6869948751791,-12.5983444241816,-14.5660542084641
12.6547326333974,1.68712964752058,20.7089739519453,-2.52518372403014,-7.17508493915854
-6.10395311523622,-2.22339485542684,-5.78062077764348,13.1048174971877,-12.8702333939091
-5.88924557858816,-11.6570436426955,-1.80729531609151,10.2087085363286,-1.04147048061076
-13.6096142465646,-14.1709074506993,12.3592800174404,-5.36749431759429,-4.50480836829582
9.15849228163117,14.8703416853079,-9.9674931091212,1.55043488065105,3.96991831041952
9.83144234981969,-8.94843940139181,13.2396348275937,2.85165306010257,3.63611212131965
13.9215123355902,14.7167066974618,18.9729475208157,-11.2375036040228,-8.5064080812859
-31.0686071519656,-10.1666806079637,7.13791469710865,-13.8517753981671,-12.6707083584993
5.5606951541276,-1.4260937866233,14.125397991685,-1.26556954663867,-2.97715950709703
-31.7933938274412,-4.44348723143885,-9.10582199105539,-22.4174217005786,6.00789680768606
-3.79289941531548,5.54605535715737,7.73456179688303,-11.2343176291957,-3.95322266243267
16.733276776667,14.7815580030902,14.03232150673,1.84466911154875,-11.3802565881193
18.9417623806701,-4.43947336689514,5.0454918006195,17.8838594093939,1.61809922891831
9.21760186680289,0.47721608262309,12.3847227697331,-3.20278556980407,0.0935717183585766
4.39972457024433,-2.81064565933354,-3.41830719923043,2.59793810580632,8.32962307283271
12.2449093716365,0.255700216775097,25.3280177238905,-0.00313904844829558,-11.5350844099625
-14.1138644113057,7.65335666993921,-15.9072843997471,-12.8575954076465,6.9293795297358
21.2038331577605,-3.5555699995342,-0.361162043127394,20.4827204873232,6.44352612874406
15.9230089720757,7.97628787451773,-5.16156571016746,4.86333052545489,7.16535123755369
8.44847423645813,1.24728514121426,8.22926524543011,-8.20308258326547,8.30625266590084
12.0912804451093,9.20374566492085,6.6609945799944,-0.545785988314382,-1.78007162328864
-18.111843347352,-19.4274076854913,-2.08464530453649,1.24753494057173,1.95383593326683
-15.4329698254519,-9.8305617389241,-9.60198777091303,10.0288052467611,-6.81630423338322
34.3714011842155,4.44441173784355,9.88289602436283,14.1086423345331,7.59264189855783
6.62768248792613,-0.701332399194324,-2.20948007879995,0.335236607047967,10.8444153790495
-25.658655239585,11.94365962553,-17.2644803972399,-6.18674444265054,-12.8453983152399
-7.10777968794741,-0.952114194657986,-4.6862771223099,11.3735843590022,-11.3520942643555
1.70701600321961,5.5974947820276,6.81545259523625,-5.87705504638549,-4.51877752729502
-38.8596789888496,2.64651502879934,-12.130298069802,-9.93832824484127,-18.7462335711748
-36.1131923855347,9.39080420293274,-13.3496908485247,-24.4459291596301,-7.80909254513238
4.67471337284845,1.30101730074237,-0.384531896286896,-6.01006095274518,10.0630801868568
-1.04967629205847,-12.0111368006761,-9.2202754431985,15.5290849148357,5.02364922644457
-27.2274592803402,-26.4400218962602,-5.77577387298292,11.4621029286791,-6.17358062733873
18.878237854792,9.91112632654705,-1.57100816149302,5.8502420490104,5.31342159574371
-15.9018113096206,-13.8823399557656,9.10742813272051,-12.9152368910068,3.81883911432213
-5.95573218968744,1.69607680719789,-4.61462359242041,-3.13284583610663,1.08215681548655
-18.5845687660338,-2.48008518673617,-2.25860468434989,-17.4559528487457,4.29710816991127
-27.2854029783324,6.18218597512769,-9.26930584851308,-19.1597335099571,-4.92981203909141
-16.3803801309694,2.62592612420166,-18.6485411626823,-6.24036484626057,6.67571610249377
0.93672241507032,-0.0175677264661661,-5.354925542923,8.2153243587526,-2.19489484091867
4.97087476257487,3.77623969212713,-2.49936730578024,5.27317282813701,-0.612722911566647
-47.3543030470286,-20.477313047356,11.6172192344775,-23.4080870701569,-13.9158886227543
4.37570396617176,3.62798148812592,-3.11017857426758,7.0574142172041,-2.27358267381662
-24.9161925499688,-2.12604123500729,-16.7312652885199,-10.3298467917491,4.05052787756007
15.909174939929,2.91053025558407,6.49091798411879,6.45131850132107,0.721174217549845
4.72528527159733,0.826122356122781,-6.2302778291179,3.08298277235518,6.56339806517079
8.28849846939693,20.1780258341736,-7.44460001334886,-0.0569557736315214,-3.77238610533404
-9.69665438396774,1.02631501062121,-15.0985001677711,-1.85565262627472,5.32610152119295
13.6185632186705,4.11482257253023,9.17697558387954,2.68277165094929,-1.19009542613749
-7.65566856528218,-4.04491925578749,-8.48345403037762,2.31485584256415,2.79362716408496
11.3397023003769,-13.3554974367042,-0.210156932313807,0.695112562751847,25.7566726159189
-27.1338289977977,-6.46175923440546,0.294273058496587,3.3778694239949,-22.9101686325406
-17.7023098522236,-15.8108998862215,4.133023601428,1.2468200935154,-6.22533994356132
-7.32083965345464,14.6834034546699,-2.30546562270037,-12.5097871844051,-6.69308705379214
-17.5424470017334,-5.96796689099295,-7.86293170233699,-8.9892593432653,6.91476299138316
16.3308353807992,-7.18643020585549,17.1224695552326,7.42674706647551,0.672315912556601
-18.8812434305719,-2.33922246645882,-12.9707133345558,6.65626588038294,-10.2300630035535
7.61165947737367,3.377021001508,4.30037971699682,-0.0566207285219695,0.77697857313025
10.8009277320808,9.08011252225261,-6.27980555722192,-3.66775790025301,14.5397848998654
-17.6882017543787,-20.2862631055212,13.9684930538366,-8.58463568959443,-2.82298340949957
-13.6506424550863,8.16061715743143,-8.27210343648009,-1.98310942632784,-10.377718826479
-15.8718386874778,-0.038294829977203,-0.314212595834935,3.24228478373597,-16.5275909972125
11.5770036821614,2.6110572619834,11.909654741577,-3.19374557105801,2.28864270395815
-23.1488450048024,-8.34867715692878,-9.01350718918646,2.21031343991934,-7.10662829281424
6.40572052783362,9.78854119573061,7.7097786742603,12.8206478493216,-23.8223267599358
-34.7091720532031,-9.46090828118388,-5.27034317932432,5.54633830305797,-23.4017440511588
-30.0819044816261,9.92897462500454,-2.80436617886165,-11.7806608222304,-24.614668759433
-8.08976712135492,-3.32565285729151,11.6674269337412,-0.251507613496536,-14.9006465011222
-5.48758840150828,-0.985139997782329,5.02853218393272,-3.55777724395657,-4.74329257496363
-13.6076841122006,-8.17549567666691,2.81748722558099,4.27581866907248,-10.3629616975597
13.5382280948283,13.6053319400643,-8.0131650661354,3.84477929566129,4.81072456289571
1.68388238880017,-1.89571519475004,-8.28963810901666,-3.43848985327309,17.3021697931894
-1.20645317088542,5.75801189217176,-11.9072991422556,9.33814057446492,-2.86127106371299
19.9244116498988,20.9385269809023,2.03624347103915,0.408347811980272,-2.70407751200035
-5.54079778090267,5.32536747079779,-12.0182057401593,-4.62711766150138,5.46025577631857
29.6068329799245,1.84868897848911,26.6929496655315,-7.54027113361679,10.1080865564745
6.02127302572808,6.45807919913135,3.98546072242499,1.50439820498901,-5.14855874262671
22.250084621978,-7.02696363934148,1.5977269291486,8.5011288150783,20.0756454128024
13.3287408098527,-1.69068261114061,0.401764486500628,7.94395343874475,8.69614149476799
35.6154203674356,12.6466722007306,-3.06101955067936,24.1082391124037,4.59274411623124
-25.1427205863034,1.61328451218453,-1.47365124636275,-22.1645312075261,-2.3537742411342
2.41114548395996,7.43933056086737,-10.0204609829302,4.09531803405481,1.37381643806233
30.1418590461327,6.66003256897872,6.36757225788786,12.2819483892698,4.61089849248895
9.39993488260807,2.47910436340627,11.2593745829895,-11.3935709940266,9.60678512127828
12.4097499266677,14.0904715698759,-0.665849345690364,-12.8016225690836,12.0962263242006
2.38062482225201,13.8379995244344,-5.10712623012567,-9.60598298406297,4.92520229958285
-5.46364806072577,-6.98363384521722,-8.15998997918947,1.49763299316671,9.38799814053868
8.10580862579142,-1.65269438514721,0.855850680261761,3.82655104085984,8.07652220062756
-16.4882287213425,-19.2706091239413,-6.13539856304119,12.7412552937674,-2.85660395091421
14.4247024443925,-4.96334376678953,3.08456083903525,1.85661310421691,15.2021777800533
-25.2786325395661,-13.8488525993682,-0.875688306987705,-5.29862021966073,-5.2659429342989
23.7420087180743,17.1566588647526,-3.00655068676271,6.42193590674504,4.8740759572033
1.12650779460166,11.2524306080359,1.25085091831855,-5.14435454847662,-5.64019377384869
29.9181378533711,5.22458390357721,8.58231730366046,7.51196905759729,7.6240358843414
-13.8408801972285,-2.64983854841372,0.283280449935447,2.07599278235342,-11.7140435177527
-34.8325501338953,-3.86348705755152,-14.6616387218573,-8.00554832575214,-5.90016800136932
33.2284848334212,17.6211010544123,12.7415838239775,5.11459581327484,-0.133733638460832
-22.7019674831231,-11.8496801951304,6.22619345664991,-8.14484552665794,-8.16380342978146
8.16042077688293,-3.76578005099094,7.36453760793821,4.23751219045476,2.88730706339906
-20.7625234989708,3.80344502006321,-9.98982042505937,-4.39079866123074,-10.0287979970174
13.5142769239087,9.05037160690174,-4.66029118294047,2.61169875043468,7.0310669781943
-5.86460501856198,-14.071451575363,11.6297149810986,5.42511740745718,-8.28613044886352
-15.7211263880126,2.32492201037786,4.93279642653184,-14.7742822704855,-6.69746094774674
-2.10797521888602,-4.17530641251462,-7.18823499629692,6.14088119522271,4.56867751533976
-5.33522019884063,-17.624887421023,1.41812299612328,9.0530444988094,2.58600541784327
24.4432375672848,1.45713788198279,-8.15217360436243,26.6200067019527,4.26513045064126
14.1758847629418,-2.39170648565394,17.1467389776592,-0.640869819151261,0.871528045328079
-16.3907748708083,8.28588978395222,-6.04293753747539,-9.22792787013391,-8.401578480119
-19.4400822801179,-11.3693328462736,-4.24620751339422,7.19605460512549,-10.0278847786166
26.8005209410366,-1.53809184977252,15.8475027050543,23.3013829579124,-10.6470300494914
-24.3609504689985,15.3325250140786,-14.2013065893092,-12.9998042229856,-10.8972444512141
28.9010372664547,8.88702166269022,7.86782198930399,-3.09344294293599,16.1291811567144
21.0924626729471,-0.540325685305268,14.1978281979304,9.34901420704588,0.124411926224718
8.45122972449604,18.9911925189704,-3.93878881035829,3.30422497642642,-9.08591980517931
-0.575327658253416,2.11069095864867,-0.82718474074133,-2.79231482879044,0.317519647682279
-5.96480399560853,3.48038583597243,-5.27278112237269,1.72168459795239,-5.6233893923883
-22.809968715773,-3.78575391066251,0.13862361447548,-9.40878729166115,-9.26940184652215
-30.9623749411815,-19.7395029920328,5.34405525965793,4.72492319723924,-19.7334559771957
4.58127843529051,7.21198529248172,5.84324184519228,-6.37213265252211,-0.10463887115469
38.7330093110433,16.5910472843099,17.0008055572732,-18.076692221947,23.9102838548753
18.2951287968891,14.253858614874,-3.40021714007442,6.058564076373,2.61944299461715
-5.63915911395165,-6.47242357968347,-12.0357868727663,9.22823960755403,4.0251693934986
21.7798831155666,9.40985066873649,-10.6076735960088,17.2153908845684,7.16468067643462
6.38809547391797,13.3827804276989,-11.5390837921821,6.11763593728604,-0.00931343221586744
4.53279512944423,-3.47210824914199,10.5071162366865,-5.97389355657344,4.90318353147204
6.73992995444479,-5.36077287118548,7.92945275204182,-0.0845793454366052,5.00526952896887
7.68453407968607,-4.10468159647486,5.34404669080331,4.32845045098898,0.868268876699425
-5.08341466200646,-8.2762912875353,9.26626297901062,-16.5138302689264,10.0712516975753
20.278720692098,24.067911172135,-1.21388437952762,-3.6960029325553,1.52639365292849
-3.88435068384539,12.5636044931177,-3.25860350433608,-19.5251317711904,8.76831929690925
-0.169814044843526,2.53629054960721,-8.10461367343628,-1.56936187856996,8.29625062124285
27.2580612126721,11.2604285346673,9.53538921736493,6.63475665384511,1.96954760994221
23.1874067412282,3.50251011570379,12.7405196649766,5.88635136810068,1.24915937950402
27.8014586186834,1.27907482513989,0.843072481243316,24.6959064244991,1.63773189219543
-1.18584782926524,-4.60637834851574,6.50758586418207,-13.1011876893826,11.4466498422895
-12.2627143018735,-10.2820909647087,-5.55279606463892,3.11929250153852,2.20400441229609
3.2479336356102,4.9999200929539,-7.65273214155041,9.91657675120902,-3.4251736792544
16.1791083533868,-5.08532339673091,15.1916774827209,-4.3133454859556,11.4089032493712
-17.6169275891019,19.6642216028424,-14.1965152587628,-6.65247916351304,-16.3987248557095
-23.8970421093129,1.25783869542793,-1.57974994233058,-21.2933491939902,-0.278712650250041
39.8406248431371,1.11346144861378,18.5321545767968,10.0225615592313,12.3310032964891
-26.7192795407237,-9.66568862265846,-8.07242144084,10.2653900055059,-18.195135130553
23.8437154340048,4.76312451049048,-8.60905539811339,7.62427592909689,20.659032810566
-2.72988617799839,14.9722970070238,-18.6892382247308,-3.37847693958173,5.32629148413896
4.94002027406685,-5.05118372348663,7.13223339089889,3.54689318484906,-0.454760637288195
41.2629468557074,3.80270237999194,13.4291451121127,12.5230240221279,13.0014705539177
-18.0206209833157,-15.5363254761146,-4.95140483442484,6.27348332671324,-3.64605482019461
7.77367983850157,16.6612783621331,-6.89166522562851,-1.62958693422648,1.06081158213017
1.11999418318163,-20.3355003025752,14.6743737666228,13.3574762691199,-5.03458848965118
-4.64110249795821,-1.52328575416267,-1.98235775915937,-7.26341838178508,7.77594140927104
-12.8984155956407,-13.6512980833939,0.877770592183434,9.79011908721796,-8.32682812393696
0.0686406347483777,13.3615501476152,-0.545445219999339,-7.56799507265557,-2.27619457480564
-17.6079813467286,-10.4163330220862,1.81570694760561,11.9674975733738,-19.0833036889974
-6.67248404596019,0.423548151022737,7.61072198994982,-14.9669379180873,0.459099000151027
-3.08711202846653,-13.9526267005799,7.29859049412329,-0.409730007702786,4.9489300220568
-17.6180598507584,-4.61106968776608,-10.7061727034732,3.10342392902292,-4.12551896217494
0.351411446841609,10.0050007876213,-12.4040289889052,-1.29546820946867,6.15727428848065
0.256472503549649,4.00517827514386,-0.275371079423812,0.665795170777098,-3.53451557818431
4.85771408303365,9.75823197044627,6.79470663141844,-2.92197802224316,-6.26829628927168
-6.408174827289,-9.55531016025555,-8.55634332557258,-2.71373066159491,11.9835696662724
-23.9901373854863,-7.6957446532461,-6.62551161896416,-5.45952729302493,-3.25178452912977
14.9927503186357,9.14784070668348,2.4802445502932,5.99794222934821,-1.35715733275947
-26.4206597627058,-8.79243721162483,-13.4434047005411,-1.6036606625728,-1.60064387442445
5.16825598488941,12.9229279420281,-7.48440522197408,-0.00571924380432845,1.75709120783886
6.10933450250868,5.36055322927802,4.14519029424198,1.57530848521379,-5.36742889815039
-17.7485430600971,-9.05997542441343,-11.9583608941421,3.1902590358499,1.39237297104227
-32.0303335353526,-1.88966681833733,-16.7779448552095,-1.72707316039613,-10.5580635485636
-19.2271730832407,1.30611502160044,-0.656251961997051,-7.1259237871526,-12.2374088090558
-25.9133896084729,-11.9896382767091,3.0978767322328,-9.90244145271064,-5.82855289258451
58.9935434764711,19.6660706761311,26.9816094269495,-8.07246493095366,21.58544577334
-13.17976016783,0.2766912857806,-8.15048220360838,-8.30821281335131,3.77125562429404
-12.2660187925274,-10.6169278527897,8.2203472584746,-0.135544369662212,-9.038639989274
-21.5326847995434,-1.8778871874457,2.42007001106928,-14.4506790948935,-6.84092808877647
4.3957632814453,0.988323728319569,-4.11490529154131,0.790008894833413,7.30005628591051
-18.5572259157437,8.14763120753673,-8.26860634613924,-14.5651092501496,-1.27496636563891
26.5339278881768,12.622676628414,-6.37969564555165,16.7838486871166,3.99426913289249
-38.5096409057654,-13.3601702988463,0.604789115023138,-11.6165892674099,-14.9360570131246
3.76687799429722,-12.42424766735,7.93080085176293,6.54154236360461,2.78570613704111
-22.4760502811336,1.76709095442254,-4.08172065756443,-3.02143971743304,-15.5248565463409
-14.6612498647902,10.2680373911194,-3.47154927175881,-14.3735395943556,-4.63373455205887
-12.1726707847234,2.17776315838964,6.89264251854463,-23.7623075581885,2.5208674798698
-56.3438196724632,-10.0504598051818,-12.0513104521033,-17.9204633676164,-14.9471339985547
12.8551491381573,18.6967155622337,7.91090337053981,-2.13579348176408,-11.296365032818
18.9623931689803,6.68969111944437,2.89837327893561,5.11921807125441,4.32617116169954
8.86873639447117,0.987962961217486,-2.41383044933604,-7.69755287922982,18.2604139284582
8.8556073486039,8.34270902004575,3.2425192931289,-17.0417175943348,16.9091955360207
-13.4647753229089,-4.73241695603549,-7.03049241491235,-10.1341230485565,9.97932106033489
8.07611324420674,-2.50003874892448,2.66295975898184,2.75328650719664,6.8902072020535
-24.0222331480126,-7.25596042696272,-5.19697552222868,0.431190231656015,-11.0840611580377
-20.2659470794051,-3.25806185527512,-6.34297469805448,-11.3038998444954,2.57254944943281
5.95875500524931,7.88809986012721,-8.72142059434953,7.09983425587071,0.531207283056276
5.69137978412941,-0.0149797186217824,6.88091251081582,3.10797593155879,-4.61997200301502
16.8804456990223,-8.75414869763143,11.4058742293134,7.54112408272207,6.17681144639167
10.9787887994955,-8.13607354001496,17.1966886992541,0.655969528968545,2.00629773108052
-3.53659663997153,18.9398801687477,-15.4232101433224,-2.4636540429628,-3.40333030461502
35.8883593186357,10.8529324315243,4.22591481484185,15.9774627030001,5.15423073181278
40.2066526691561,6.89743701032937,5.22175611861202,13.9058572344115,14.1454902100587
7.78161933915056,-5.25334462220309,11.2897347829418,3.67152133861173,-0.148956399788046
-10.1641867185743,-13.0409976551064,0.991815503265186,4.91330334275497,-3.8944219305456
13.6647944099757,13.6669079089935,8.61689954116315,-13.8558181108508,7.56750580818379
-27.2543753358745,-10.4931489733729,-4.74448871575504,-9.086874311562,-3.61695898927824
17.2902704109131,-3.29028505334486,14.6929415909087,5.97476484847276,-1.1059325903714
16.3753911730017,12.0798842532438,1.80471193025342,13.4538725427154,-8.69621472039399
30.7058845547202,-3.63245653418715,8.25051474460351,8.61733382275787,20.2657863305457
-45.7662295372189,-15.9647867128849,-15.1800782293252,-4.3176063178485,-8.4171839570963
-7.11911046127427,12.094220362027,-14.4258103280447,-8.20555125878181,4.97739895962072
-3.51606594782322,9.24886102719592,-10.7607412173338,5.21828472226786,-4.49806905498184
-12.3526111300099,3.90334544381146,-6.57499542078481,-7.90893411529636,-0.647581732723932
-7.86739035896005,-2.73372138669117,9.65416203399545,-4.25265973491924,-8.8095304719514
-32.0997517745763,-9.64693861128851,-19.2238642979115,6.6032713729987,-8.21766216124865
-1.84962050655084,9.3664814061233,-7.40997355494607,-8.26776932460002,6.8525997778364
3.82787193736334,-3.29895351544782,-3.64528749133338,2.88789360909562,10.7171815525043
17.3657648195746,6.1079885423898,7.12932015843588,8.91963292024001,-2.72572548900743
-5.93614566050588,-1.31784206574235,14.9594654744385,-8.49625052461638,-9.80003070666839
-5.21918139889847,16.0822028117305,-2.98333146253964,-10.529766808694,-5.59769026487598
-28.3254122436062,0.204487333934842,-19.5156514731935,-17.2124705068141,9.28944096712234
-2.41527302538434,-17.5228649797748,-2.49713043726081,10.6470017075886,8.00715415151893
-32.0511739605321,0.598677787659657,-11.0779476704344,-1.70052749712053,-20.0671873649071
26.0119084757459,10.3097190525927,16.2989563148833,3.81197870954371,-3.12420320023539
23.372883135413,16.8811502161323,-2.06802182386589,1.0494279136801,8.62964843538411
0.570617620138204,-6.27246513690573,-8.86560400543794,9.78197851839002,6.14645684639701
11.8243261175329,-0.635381148230938,-3.28092581668272,6.1819374363304,10.8884299917922
10.6619101790928,4.42725372138412,6.20034380459616,9.34831177058917,-7.51508590322634
-22.1193210518231,-6.6698772435796,5.61814809371019,-5.68494484931755,-15.5129801106404
13.358880167796,4.87626805060487,12.7469713237884,-7.49290167266431,3.47392115152586
-11.3644573012977,0.755759301331444,-7.47728595279939,-12.3646384606878,8.01088828155694
15.724864111579,6.2368750945934,8.10511131414833,9.2856711330661,-8.77006679644516
-33.674402602433,-17.0444171729007,-11.6488045913194,-3.78597471562702,-0.087418819344353
19.2657192280503,20.3168589327689,10.5907406725926,4.06230414317334,-15.893365300854
-19.1762322537174,-12.3764199301335,-7.54699720666324,4.04268907732266,-4.02712894417096
-21.1182555660569,10.5453620478364,-0.641362395727722,-22.3860781308608,-9.33341416772344
22.8441183769298,13.6454878021172,3.15273936861682,-9.30097016748019,15.0606492062721
4.46193282937592,-8.97952460724543,4.96244337461023,-1.05299556928923,11.3808904424604
9.56318993803031,5.61484461195043,-8.43810880312457,0.398634409205416,13.8056561237284
-4.01574233953901,3.49900944926562,-8.87072854946351,3.30804134251381,-2.17164331928179
21.324853173249,12.9521786126225,0.478439637501274,15.5302926637689,-8.11627046241212
40.0579325860685,-2.58225577942165,25.114833545553,4.44266269032375,15.322694668412
22.7671473361361,0.816240204838285,11.2266968307481,8.48445277981779,2.15058225804823
-14.2653496833916,-6.11690178179264,4.31381275741844,-14.640044864033,2.79939943886757
20.2540000948307,7.50401508924584,2.31133091663281,11.1090071577353,-0.63049482304858
-6.9428799831344,-6.48673344326452,-4.46131870881764,3.42448655118333,2.05476837570495
18.9915387526069,9.99810210647646,5.05355475241763,2.34271632523384,0.614862160310699
-1.64674723489384,7.95065662070067,-6.10718732560718,7.02587219500191,-10.0859405641774
-3.93975813917677,-10.2434128984579,-2.32406166935244,10.5977162113373,-0.251902215257476
11.3973689166412,1.45722514479798,-5.25078117207648,0.404632257679737,13.9708351354963
18.5639766917897,14.762099328953,6.75550962690851,-1.47377064793756,-1.15091899423579
24.0330362487372,5.0453339313423,4.45469063308082,7.10608424892309,5.82480807114194
-22.8369376516521,-9.12812969765295,-5.82603243528739,-2.03708714220252,-4.3218954188558
7.55456544717733,-4.66832836226605,1.48090315596355,-1.27944267901464,12.7658480030525
-11.1892086512087,7.06505602279225,4.3605018123503,-16.6363983807672,-3.7119574621154
23.1413054793533,18.8123829131326,-5.92152382306068,3.84147691393382,7.43651878585409
35.3292598042761,0.625624784591338,27.339693487288,10.3865900346138,-1.80369158104215
-7.35570527165188,-14.2563442949234,6.33592169253706,-2.55440985011009,6.71290061594409
-15.3290365702789,-9.92151181488813,-2.25718486307983,-1.83360757595714,-1.81636140330606
-7.02189598168701,4.88510177534113,-14.5355843285453,4.52592389097896,-1.26204479118807
7.15893467039536,11.419344996481,-10.5881442775992,0.423674424981833,6.34252235941527
-8.70293705767749,-0.167538674755131,2.44951155095849,-26.4176241563137,15.1752607099214
-11.8271985648253,-12.1112563872198,-2.00646292709699,0.275348439245579,2.95816696841307
-25.4236068368416,-16.5070060716173,4.13876801260287,-7.68308315834882,-4.67537256419104
-21.2456236846413,2.32798981645101,-3.06998650139729,-3.06649909098258,-16.3047622333888
-30.9775819389817,-17.3789577206123,-12.9568071429249,-3.90525005915742,3.9626743186402
8.46447083473929,13.2747307091521,-0.892671792368468,-2.51812047717537,0.188214149349452
-26.6402214692014,-3.77097186200565,-5.36822273508264,-0.348069492268749,-16.6729913216325
6.28517241300375,0.177804013295944,1.76831880537044,3.36008072796226,2.19388382655859
-2.50845000506965,3.11141300718566,-13.2921626909161,-5.77979307426484,14.258504320604
-3.54084937299726,-3.50659240620146,-6.74405739162622,3.50670074138078,4.16438551005627
-0.175582789618097,-2.88130279881604,-7.21310655833655,-0.340472122154935,10.4363716999211
14.5680844810714,-1.59678475979733,15.953617726369,0.982773630938383,-0.735833021466111
-11.4058658149946,-3.78712845694272,5.80274366431584,7.04712207938036,-19.3328701510997
-3.98793125742662,-1.21645744697751,-2.94231526255048,0.0589534487591158,2.80570333461522
13.21114190218,-8.45606860740201,1.33399601346745,24.9045088344661,-2.30186992493056
-15.8427418600645,-5.91570711760305,-6.89871043114578,0.267583058406565,-2.48297772716211
1.62122219997382,-5.60478743933621,0.378821047781773,6.55770396107926,0.788637483071404
-6.96366373855246,-5.79976502369031,-3.01879205340847,7.47207121135017,-3.92728477285089
-19.6276962433584,-16.8631755337839,-11.7128752555007,1.98136795557399,8.57832782313022
49.9227062720398,8.14508294837259,28.2828442755401,4.6056588805746,8.91399304130544
-2.89460674731224,0.0583068096094851,13.1046208445309,-9.8535227313748,-4.552184919558
-7.35255698624352,2.95969182339143,-6.76850551725088,-10.5808323965007,9.252153130498
-40.7151586517045,-6.25352156103373,-14.1652072861323,6.30052151260846,-26.1530037616758
42.2035207761247,15.118450017821,23.8131280026462,-8.01428136415284,12.4356991477401
-7.7534842907236,0.557761945415518,6.68403331476048,-9.4695505000502,-3.94781783389487
-8.62092959135244,10.0980948068699,-9.00448550675661,6.81614918654454,-17.773697033535
-44.8781905192131,-16.0483784122325,-9.49498148538941,-6.79185114320023,-10.4567909951351
12.7335370494941,4.67714121445386,12.1314797021597,-12.2827979725203,10.5039288919777
-16.8932002544718,-14.3282431593005,1.37903462134026,-2.7361067227904,-0.858090807534263
9.45955232813037,1.39039414034317,-0.100492250142477,10.5049031251059,-2.28537288389587
4.18047525582748,1.82442854312162,3.98810962433506,-1.64821374279013,2.32682867815841
-9.85313318328178,-16.7576086995659,-1.85290714757608,-5.97718790517652,14.3550184912616
4.42589518614566,-9.87890633528713,1.72407969117612,5.34800736309242,8.63096325186902
-19.9266701601334,-9.62832425093569,-2.99356230106055,0.438930683159285,-8.27142865484539
29.9477949763838,12.9989054578741,8.77041979565499,-5.00408394945922,14.3721021158673
-1.63158350375076,1.16075790208275,8.88830027982521,-2.21597459904767,-9.28924961456286
13.9464091866304,-11.2642294317227,5.2768428471581,11.7466250957465,8.41106855701624
-11.9660206005033,7.13230848421804,-7.93709558075418,-4.43847702087804,-5.21410031184392
-16.6927786254303,-14.6588609409293,0.133345902159032,2.37751120826608,-4.18428680248326
9.9296291635819,12.3426562087129,6.75060297601518,-14.6786295656653,6.01980942083543
-20.7965068341593,-11.2827497248871,2.96032176567996,-2.74519011983601,-8.23852451440574
-14.9198200650375,9.51532419943582,-2.4877709251921,-10.4642402842177,-10.6807047684202
-30.2784157938079,-7.05940079814448,-6.96100157970497,-5.61898604451123,-10.6183363782805
-6.14106664887017,5.92740943782471,-7.89567169461013,3.1500566905942,-5.52261240879451
-12.8797136174314,-15.3409019067401,6.98067215604816,-9.89433799464688,7.85742983859687
28.7113165519244,10.4479824097175,13.4021254540272,11.1261472478456,-2.62696403563579
-8.56785918522587,14.7820791422796,-5.11414989755566,-15.9557887365162,-2.48449553794603
38.9589049050571,9.58925141779073,3.82576193652104,8.78048138892309,18.639198763872
2.7690930259919,0.65173665351531,0.931131514738873,4.86754674239235,-3.08767435072657
-14.9801213680315,-17.7935057307839,6.59378979840023,1.50746679575638,-4.13000371341681
-8.99151385486763,-3.2258893478614,17.2783774890578,-16.8715841745968,-5.9086489900892
31.0922570137862,-2.82716476928287,26.1226790326785,-5.73239018504991,14.1625360686548
13.6578485961132,7.41854614850159,9.54504335314176,3.41519580261017,-5.31384377248176
-29.573249359787,11.8563818708724,-8.80514930744002,-28.0458432600783,-1.85345238323719
6.65400688807784,8.39149613508485,-10.2592406259001,6.06874603563025,2.77280278838354
-1.31797831639957,0.934496794168793,-7.17183933878805,4.10418022254505,1.7367865277557
-8.2193257635041,-9.19990695181982,7.04776054421708,2.16397312455931,-7.62291281041132
15.4529278086096,-1.657167225417,4.99079594751427,1.64786741650544,13.1312919429864
25.469857167523,23.0966257317765,-2.35200173973478,9.76880016991138,-6.2730530754113
-21.2657472699242,-4.59088853244743,-5.01470701563196,-2.71332532044007,-8.37583061741816
5.31015311298764,-10.5000405902676,17.1335425331516,-4.17048502257699,3.64147944042215
-51.7736872049694,-7.81535020898635,-16.6472805395099,-6.22985386514267,-19.1264142741463
-53.5851222374377,-17.5321480120363,-9.51948249322412,-13.1289887214221,-12.2459596037234
25.9916353410942,8.49840028569379,13.119248610484,-13.279131769391,18.2377315190088
-20.0541496674313,12.0325640103685,-3.02355245175824,-1.92433026051925,-24.7389907240875
-18.6969110335254,-1.83329925538226,-9.71764351616583,5.36130898561224,-10.6046007869737
9.02940394408884,-0.658948904919587,-2.48538743799817,3.64408815011085,8.77321158484042
-2.18100255426981,-3.02615970382258,-4.64706580005629,-2.56287010453051,9.97598070335161
5.69300657189893,13.6902710257009,5.66984011278953,-12.6185170346267,-0.97558753086854
-36.5408625706915,-18.390921809031,-6.38039820437224,-11.0934511335026,1.69739368667622
-11.5730569041166,-10.965341746083,-20.8856686146968,13.8156161870009,7.01937894535008
6.49825508467296,11.1955295939428,-8.7833149815068,0.654497448755318,4.54173935665684
7.77116249073869,-0.449746028058719,-6.20550107898935,11.9760966032067,3.15233060869248
22.9585187168507,-1.86685898298555,13.5921605475166,8.41646903599691,4.53725815942752
26.1974417572465,-17.7009813545223,22.2987519313279,4.94898738167778,17.0247347446291
8.81066964710586,7.83132086154762,-9.57841308354289,14.6318436779209,-4.47466035843547
19.808854062809,7.44114334087206,2.78092794521055,6.99623552638139,2.7448328629791
13.5417016262566,2.53521878798327,11.1255952529901,4.08878803939061,-3.93878743537288
-23.910417534967,-4.06338545786045,-2.16439159253044,-11.0309446999557,-5.87762030266152
14.5690375122631,-0.634109052822238,1.84134208289134,20.1025088759744,-6.28916131870225
-0.148759756078323,-3.41591039882498,-2.75213310522661,-9.29527833711959,15.0290529609446
-24.9233300272895,-2.31173008318097,8.97303325084955,-19.6265715278679,-9.74391113565631
-37.0653912962019,-7.19144591024153,-13.3608202277291,-5.81860216669107,-8.00708938320109
50.333781248295,14.6750258614507,11.1635886749321,16.0556128336533,9.28451448378467
8.73820296019575,12.5939576044982,5.1932273693682,-0.107711819719533,-6.64543860895169
-13.0630620206822,-0.873665570199127,-6.30527131579032,-1.99962913462105,-0.981988893913142
31.2593693393966,-13.259951325652,18.0561430390657,17.7691641829435,10.3991054340855
10.7320366351584,-2.88209035876594,13.7318557207635,0.943870018680221,-1.42291789839775
-3.6824640247116,7.35854496905799,-16.6782133290623,0.670888539047698,5.87489388006726
-12.9869740030598,-0.179081893719061,-12.2949695529747,-12.9126826331929,14.3080755673423
-27.3156405418907,-1.13455284884953,-8.28129179475622,-16.0584691374829,-0.592437948642731
31.0045434609773,17.6603050241526,16.8169165659052,-7.0548083339245,3.60036209890854
-26.2568600126909,-6.32331503587428,-17.0035272090419,-8.19493006113162,6.54903856733077
-5.54123661220572,5.59086600891627,2.26696348727937,-12.5743518313558,0.50849935338616
-13.2601170640674,-18.6282034206882,-16.5922071893449,25.0357655602631,-2.23263831371399
-24.0018070570185,-6.91532717379967,0.871533873945988,-14.1580696259363,-3.80718940087843
2.19284289160559,-2.06246321957882,12.1820782926773,-1.04901814664396,-8.40709407766821
25.2263617759222,14.6320134015599,-9.92320986471938,18.4026108974852,4.38534323170008
5.99664213352484,11.6299537831461,5.19826661362104,5.82146924457382,-15.7685606808136
-39.4097782109276,-12.6683726523999,-8.48294388755927,-11.7153206689042,-3.97598630972335
11.8096637342873,-8.89277983675533,3.24098990883688,3.08534106535315,15.646272444489
7.74609055893864,17.9840082421858,-16.3202438003903,-2.63299591900684,7.34113130239484
-6.38586441993059,11.9013446090407,-7.2702675897195,-1.72014915702298,-9.43441726584833
-51.7900165371258,-11.3113445112397,-17.634649286052,-19.3538711608797,-2.65702166925332
-20.0434074326506,-23.5603429256409,-11.8271458001446,9.67129988865528,5.92765388755371
32.8399009015587,16.588077401966,6.42226429958484,6.80195105722452,4.89418395001452
-10.9496230171889,7.58384259088409,-13.9693918605589,12.8620632412322,-16.3969301334316
-31.8779182429884,-9.88691563549146,-8.34674343885139,-1.71495582165549,-12.0306214445009
-11.1701627302483,10.678955197335,-3.91184281368314,-8.87188232934041,-9.5512929014388
-58.2831320950259,-26.0993302062516,-25.6195450514992,3.97353123762446,-8.41455466539272
1.41955013244334,10.661072272232,-12.8423576705424,9.54528037945667,-4.79517598471724
-5.01944840409931,14.8814901508327,-22.0370339408173,6.45791545192636,-3.52700700290496
-14.7047400109929,-0.687108264381732,-6.17425659038184,0.657405356718187,-7.7518930783845
-24.4430536775711,-3.98126270679125,-3.08527186762531,2.15303575909427,-19.6024944202445
-18.8600657284969,-8.10316623220992,2.88881402646074,-13.0691224925617,-0.18189008629615
18.4293543520294,-1.7879275990869,5.03783010743521,0.497035862699213,16.4797262738994
0.0834151468140198,0.240233587036935,-12.979004167014,13.8012977019877,1.06168684038694
0.671293322653638,-6.2046122000504,17.1747750184817,-21.4849451305953,11.7947035268516
2.24534496913383,-8.38513871269224,25.8052278569549,-8.64823192658721,-4.16677477251346
-13.1434078027635,-12.8544760039546,-5.27838198807639,0.160552152685285,5.11653298274302
8.40447187589312,7.02982545746329,-9.22798519116812,14.1643597038333,-2.45648864450248
31.8768465158672,11.7641109765186,15.5503567449041,12.9463328943313,-8.23167998274397
-6.54487211822077,10.2502162809356,-21.9459455599322,11.7080049835255,-6.12863139381791
3.82736746784299,-3.46245987237128,2.43512292991215,13.0378520772196,-6.83850412662694
-6.76262696956484,3.8038569588342,-11.0190922444117,-9.06392670397388,10.2215808016842
2.46149391208376,2.22530519414437,8.47263127950361,-15.9924812720636,8.47778183381572
0.990966362647148,2.26899482429219,3.09611411622952,0.330744293786486,-3.35401989132994
12.6760119418674,16.3742613583922,-15.4597820652924,8.2643326352229,3.03700788948132
-18.1540477617249,-0.116614806004371,-18.4121242150882,-11.3065752766134,13.4833552411092
-7.33974402069114,4.96979277193885,3.32333203165037,-6.2660130448772,-7.47395314090546
-39.310148452014,-2.33520692526779,-12.4928630238258,-8.67584859882992,-16.4194282183499
15.5700435361342,10.6050789204072,4.48878108758967,-7.75346898667799,8.52883360888754
-16.6655522952686,5.06727811191907,-7.50251529500449,-14.5013356688244,2.20030777308312
6.97222800690536,20.1543378771124,-12.6553101714987,3.86541729767333,-3.39242950640896
1.82151406693142,0.201869710778335,-3.92101647413023,2.8690074885671,4.89528189537595
15.7875260923793,-0.593922505967897,17.412251528175,5.53122930923416,-4.57035377410312
20.5651373615923,-10.1619620296034,11.2903385097467,14.8471211302542,4.92715373892444
1.07659738027219,16.8874806894061,-3.45347659359863,-6.230955478615,-4.69107969052624
-1.33617667185773,14.1751540094221,-21.1741235746956,-4.23902068104746,10.5270953566948
36.3770553037675,13.0471553324192,8.29160730035363,18.9977155795796,-1.37699642332782
44.9965713029255,3.15651946254557,10.5757262972556,25.3793847668794,7.04768848907827
29.1372698236795,9.63260485716648,17.9355655404385,-5.79191763283211,8.49617423515074
-24.82239461725,-3.18115092267963,-6.10930556782583,5.13721702741873,-20.2081319848652
-10.2217715333308,-3.15763920044663,-2.78151337842843,14.3619501601784,-16.7171897372184
-6.42339178733794,7.22456720831354,-1.36390229727961,-2.49531809988343,-8.36283587608876
-21.9383271660601,-9.48507979640112,-16.7154392962566,8.18029125743562,-3.76093167849111
7.16503381242296,-1.00049741203296,5.60824104591705,4.06532405545215,-2.33948065926399
19.3909005189176,-17.2930252511475,11.9432581749451,13.5618033636618,11.628371652529
-8.0908059083593,4.29085684655479,7.58035290519061,-15.320808134308,-2.66704295977082
3.94227551897551,-11.7657470200407,5.81674308842552,-1.25280886458241,13.8169894269395
36.8273937603717,16.8196428381824,12.4107294888626,8.85086075497195,-0.437652529754315
-9.3051813679505,0.943952635039972,11.6931316904011,-4.79798746435738,-16.6649242167073
11.4616886022307,7.68095396079899,2.73157991043759,3.38154515496906,-1.11972854005373
18.3286136992385,11.5224064937751,17.2793606327621,1.6225808280288,-11.0656417190136
-29.6529222133986,-1.27390192739097,-14.3987027360105,-16.950742239766,3.21919452351291
28.5843046212985,11.803577794926,14.7415163227983,-4.01663856373619,8.38513043314802
-1.9468142884878,-2.48370034181011,-2.5210605447858,-7.42688094976631,11.0231236821558
-2.85357361968901,-4.88030818064482,12.9078507690036,-9.30490559017469,-0.862308414775261
34.7587553944404,13.7913278768839,14.2482485211615,-2.00731069291718,10.112432669456
-19.5885846787166,-13.8284950439036,-5.3403374663131,-0.231383100423358,0.675762097963204
0.20297390287051,-5.53007598530561,3.07971543304991,6.61978224917739,-2.88292091153441
-43.1188794050901,-11.0802662438733,-20.4447515463189,5.57696533752309,-16.3135595220821
-20.3389651871812,-1.05248178645033,-1.06569471549648,-10.382517504295,-7.55201586220715
-21.522574289516,-5.26081840671715,-14.1679249455901,1.95618753851614,-3.91873143036434
-11.3741771826501,-5.88948465950282,-7.73116544839819,19.0402502429552,-14.8283945527314
33.4821753663596,9.12682377519162,17.5354123421738,0.594109702714435,7.07898369699179
-13.6266569471877,0.507526579587679,-12.2634702350708,1.51219213504128,-3.40996853450169
-27.174355685721,-11.9977418259376,2.10592631066796,-15.3710718768555,-0.593489395223387
-25.5311675547962,-27.0713774564197,8.52832284884559,-14.3049607189823,7.53693146342395
7.97787650918652,2.68951445572639,-0.245491644898093,10.8034591074196,-6.39886202952441
17.9788013845633,15.8137837921571,-2.24573764624901,-0.563470780458629,5.02631038318263
-23.6237589266363,-11.1691591876012,1.73610677151195,8.43512219828623,-22.7354776688503
51.4387270333765,15.1379230608241,18.1623168138476,13.7897676941584,4.47609612244842
29.9773537782856,9.5350244728967,1.52405877323068,19.1162175776618,0.651620310741095
-43.2844053331595,9.31314558822748,-22.1089658277188,-18.6455489698811,-9.73835481847837
-57.8870583718274,-8.50056729487117,-15.522000483897,-19.8143529881094,-14.1443326153766
21.40975015347,7.10617460511433,4.63938027443007,5.11162772410949,6.49651809456035
15.2725697982331,21.055152025711,-3.59608848037237,-8.47948121626716,7.17363846273999
39.0380935945922,-0.706693891948814,18.1228218802404,18.7308375630295,3.57690447570069
17.7197488904221,9.60568465486315,7.32480840103896,2.89376575516774,-2.93582252167406
-1.04887246654208,-11.8364049502365,8.69593183465607,2.5487202663021,1.99258490876659
3.2711451916685,9.86019613033715,3.16271002761699,-5.76671251391547,-2.11171229574733
-17.3691271987576,-23.1890766144038,-2.25193620144861,8.43322062570787,-0.388941718176169
-0.273801353769448,12.1407507014607,4.68342956752918,-15.286057927613,-1.43667915868264
5.64697131685742,7.15825893863666,11.638164930331,-4.38153402789961,-6.50932765305309
5.48640129641174,11.2709070949859,-7.9646298861326,7.06695668302268,-2.13696377721431
1.88183554457929,-13.947731757957,-0.688127865161899,8.35971452298296,8.6593078600571
12.5664849247359,12.0303039288235,0.60858587244426,-2.27493158326559,2.84403874884779
-16.2277710651316,-2.19609448920902,-9.08828576629358,1.99274827936381,-6.09556998589606
-11.002404323194,2.05049509056528,-8.55069819871834,12.9489078518877,-17.4456889672933
24.8912443475483,2.36243617886421,11.5958887685567,11.085709841383,1.02252019604484
-20.0507749199355,-10.2589813182837,-3.04310092488062,-3.54162826965369,-5.10450570075312
0.55822647127428,-4.39797697415733,8.64566019433758,1.96643283888003,-4.69772401319965
17.1992773051658,12.5455899666238,7.75647309205993,-9.3803859163592,7.35866740835228
60.9600192629304,27.5014782932678,5.48308489128276,16.0283278665812,13.0090878912596
-9.63421232423007,6.35867711361199,-10.2369702393566,6.01244864715737,-9.8209318359125
-13.240087594152,-3.97313449609558,-22.0146533940016,9.59109747063586,4.71923277819592
-2.23599434030152,2.69312517791121,0.0591051354645131,4.24467692045411,-8.49003349787001
25.4465235029759,8.30571857654725,5.06184449632079,-0.0616611345903854,11.9156747202104
-11.3586360417752,-7.31454154738744,11.28108692155,-0.304403872296758,-13.3520405865517
-23.5945016335582,-30.6724824123379,0.0206188567231514,1.77765042831508,3.09522313728056
-11.1858149846005,0.857634700506742,-6.96290151480108,4.78233484919699,-8.25782296441172
9.65096316012427,-2.11526833515518,18.0201146205667,-2.76333032077416,-4.23262302785611
-8.59394724175826,2.8896026349573,6.73458655216909,-12.7675200427041,-5.20066579433148
22.5913452837719,10.5970382345671,-6.04045571587548,7.86676480157219,11.4592315421569
54.2114871601253,17.691878160168,21.0939055391848,19.2752036494378,-1.89253054789363
-2.49475846617819,6.53101735972502,-13.6422466646442,11.7308934183827,-4.95071355661373
-39.8935687759157,-1.78010798990158,-11.3441427323214,-8.12173306114987,-19.5254022164663
20.3705878210028,1.29137234497141,3.65606682482893,6.61026601361898,10.7832521246929
12.0453313636624,3.24768867643084,3.35935015068797,-10.6836793850727,18.6583030415203
-4.8466572998274,7.67132357925665,2.41125338514995,-12.6324088813749,-0.273535181467076
-1.39603005915324,-7.20712595896068,5.65899749083588,2.13085027453235,0.540485574409433
8.1842575456324,-7.20743266211726,2.34301872632566,-6.53489921690042,20.7990483657676
45.7693389959349,12.825010107479,-7.12128948250414,16.89307322892,22.0822316305024
15.3312635601449,6.59073517099329,1.78802682305218,18.4660122976993,-10.3059984397024
-12.6225562892062,-7.76641969634132,-8.86877968019438,0.708785320693729,4.58999861066562
17.2054192198639,2.6749956959929,13.5788855705759,-9.92747712211828,12.0138067230251
22.6226120659995,11.204831425994,4.46571127102414,2.54832445556969,4.70101737938292
-22.7234306667315,1.31034389546405,3.22962284295635,-9.45013174531155,-18.3801266535325
-22.0399918818256,-3.55765713857427,-18.9397572862489,0.5876895120059,1.25855163155578
-16.7071324599599,-19.5698328522013,0.226442661214898,-8.98682512606696,14.3033494801175
42.9070051556592,16.2677474075252,13.4389296530075,1.71027712096605,14.0790727792473
15.0175824146301,-6.53249888235285,5.03841357779665,-2.35759401401656,19.6701676678969
-26.0572639333718,-4.31589555930008,-9.76833220812875,-6.17590760109472,-3.58299148096426
-15.1969103678382,-12.0552360708415,5.42645882523823,-6.09424275300875,-1.68443657710514
11.37646386036,9.7536317344837,2.82057928256897,1.59042920379669,-0.959270786112793
6.68369725340818,7.86892801773073,1.44935627458049,-10.6240881391851,10.036603519919
4.9447411761965,-10.3836048439835,12.7978889431234,17.0257739654279,-15.8074847954501
-0.0298102846009115,-0.609136188229725,14.1508691772406,-12.138433923096,-1.13889300811351
34.6894971859248,14.6069655700685,6.1499512661414,-6.30172795452873,22.5183269447926
35.4064125225733,0.209306126333776,14.1997989010397,7.34684560767071,14.2611598562314
-13.8142845730089,-15.3424999680757,3.86461274212867,0.141143688089912,-1.73237575549003
27.5170765739179,18.3137655946672,-15.5302095527876,14.8287496650442,11.2571586592401
3.48405363304683,8.40071709029698,-2.08937368636007,-13.9583063787659,13.1608190907665
-1.21873141639373,-8.05240806543837,-8.15914713856428,7.03422953974696,8.67167766052202
3.14063740797448,6.65021697552128,-12.0432340905622,0.70326567684278,9.29579663078204
33.2223648448963,-1.72920634841617,13.2103844922162,6.1320914625989,16.6733942998232
21.3377703113927,0.710685536044323,10.203767869399,10.861762180087,2.18407023891323
-38.2375618103431,-11.0829085269885,-7.63633688018775,1.1588080693865,-19.2033856109258
38.5782204105822,21.4991789947624,4.99270262181469,-3.7012654388842,15.2155626886496
-16.6647652640233,-0.590621139519008,-18.6347540169412,-3.70104299799797,5.87476326573344
2.13259087297328,3.14643787243377,2.57710504306161,-13.8029842805975,10.3050255171985
11.0317672323973,8.34095412997779,7.43650726401332,6.71405581830498,-9.79745678160757
-21.416367959001,-0.153881587587005,-4.91287474461805,-6.42206785648266,-8.87441883257503
-6.73228375730006,9.04559134433676,-2.40251560664273,-0.102880370659069,-13.1291059675154
11.0335913377651,-0.442157500657829,8.66269780001902,8.15532502257531,-3.75399882890336
20.4171869671191,1.28282067642336,9.1083712415347,14.7780663480563,-3.03588747517809
9.59774066810975,15.1390858554663,0.210340802234558,3.82955758982195,-8.26058866107676
7.704397830882,-2.22477880429022,6.86674491366396,-10.8147379681711,15.0801152165239
21.9400064283016,6.56608717931244,6.93900935370022,4.86459855571639,3.81954192691239
30.6851586000264,1.72793955151011,20.8433227817397,5.20194775444019,4.08458043077432
-28.1348422392462,0.0224593294655359,-13.7602499579269,6.85511710368416,-19.0654119012849
-1.15438108312226,-1.45066464573769,-0.704976837928507,12.2738337313429,-10.2506032391497
-18.5790976406834,4.17817442574688,-7.84558508268009,-21.9429084893881,7.66174736163789
-14.1270935348678,6.67267198318606,-5.66207490493545,-3.00590548778453,-11.1479651293709
18.8925962839384,11.2872437118189,5.76997452986921,-10.0062899913282,14.7663753201022
17.8204731966794,3.20022051221745,14.9661603586115,18.9876007886253,-19.1577407307994
21.8906942289951,24.6562118958772,11.2517242851302,-10.9460674892724,-1.32323046388137
0.0839739363608611,5.10590443901805,1.21380511303797,-5.17047099908202,-0.0575262964146127
-9.16558310301163,-0.809090661114201,-5.78762452863008,4.72232035698021,-7.10441271688907
-18.7060318502471,-9.81099836135446,-4.59093999623362,-1.59246932732562,-0.800577364603195
-11.7866821680255,-2.75065468553116,-5.23688887422711,-12.4482581616266,8.65316353513214
15.2387977235946,21.7261790735308,-4.63998622676589,-10.1267772258323,10.1192568075843
-54.756682703985,-4.28662059261344,-18.9275149812126,-16.5293025815068,-13.3860071634476
-6.37930540763354,9.6256546480044,-15.0351417046098,-7.19140756536881,7.85565056983183
-7.34809806982343,6.63387369830946,-3.61563319676179,-0.424210700668166,-9.30830957877926
-9.99638917913332,1.81956921661427,-7.21114784971363,-5.95033645561243,1.56937412541766
-3.91388869214056,-14.1846106322019,-0.619955667555447,16.5631003473393,-7.67638255679308
-6.77156502373469,-2.09154497331809,2.70475990274419,-18.3906423969001,12.7292850354006
18.3275041732755,6.58191389414925,-0.977776440553306,10.6401945970528,4.93108679038297
13.176371159389,4.61948352073117,6.40905460477176,4.5469865394441,-0.872948380065238
0.343248094513796,5.46436188968758,4.93602188074295,-20.7791081671634,10.9437972940662
-17.1043772053584,-5.09546632700919,0.28124909153683,-1.95129418649973,-8.99247840791465
4.8771917226085,6.94744946734277,-4.553136945419,7.1868146093086,-4.13967120814711
-21.7208655123804,-0.240115409032555,5.97124000406118,-10.9236656113012,-16.265018238538
-6.45887176430875,1.07578130530029,1.69378017235527,-15.605361000968,7.43066688380784
8.41183055536559,3.89897715938429,7.54745904578583,-0.583569064637943,0.0647985591252692
13.9956928316952,-3.42426126332425,12.5424710026929,-3.4233284186325,8.34963896544891
-26.6777975087217,-4.0736225373909,-2.39208409754148,-2.99618726346166,-15.6278560096665
-3.22689446737939,-0.5638972047429,-11.8889046149583,11.7364105842213,-1.71901853305088
5.00416609966918,-9.69205236637398,2.94335114867828,11.0153088360386,2.71509839723402
-21.9059892476684,-6.76434834127448,-23.6273893336844,9.06374781293601,1.06797078273784
-31.076898782109,-5.71533168092855,-9.91312699317135,1.62242123267458,-16.2888915415941
-17.966587829352,1.18868309935077,3.20934194869175,-5.73721623164564,-13.9214787784889
13.4995998263175,10.4107872548133,-5.31517838112415,5.99614718143756,4.1628995748097
-25.2981211223951,-4.70328015711432,-0.61572476252583,-4.47489116251225,-14.6670630677176
-24.1353788544522,-20.2474154412086,-3.97887711445601,4.28887171129483,-3.43614744248977
-5.68516331731084,0.597924320364913,-16.258145621372,4.47652228042548,5.42121730985314
-19.7062689472812,-6.47062108250394,-9.75217107055115,-10.3369736384682,7.12696345658556
-13.528532107225,-11.0242057555923,-18.6472614050714,1.52515055528527,13.5816220953588
-5.85845300405457,-3.53530270979707,1.86169528639682,-4.02457403005423,2.787959431675
1.67873948826187,-0.412927904466661,-4.25575482387685,5.97699041361355,0.203372624415853
6.81357019630257,-13.5930558607075,4.91604902097842,13.0901577850666,3.00380539818701
11.7998294794854,4.26447853560939,-3.16583999347837,1.56970071288429,10.1853278992408
-2.53798968822979,-9.79054503140722,14.0275300077303,-11.1497739112768,3.75922388382048
-10.8018774729595,-9.34756357660885,-4.22186130453125,1.92718857014738,1.96245925061925
7.84454249266934,-1.6620791802551,4.81695130306084,-6.5070530958448,10.6015908370423
0.514618096405778,-4.58171625330891,-8.25294535220821,11.413846199058,2.69317040352999
-2.09589302063693,-4.90357340128376,2.42457564454252,-0.798463551136815,3.00977912124657
30.3341977392048,9.50969945356634,21.3993774551924,4.51501734964137,-4.98471045235244
15.146091388193,8.38062058131061,23.2988516886253,-12.5756554250482,-5.68805456492403
29.4360321063882,17.4792751368341,9.42632626058323,-2.63303183719581,5.70983756288329
19.9252331851573,2.31512361663355,10.5296489712844,1.29076320247378,7.04266517155515
0.484920804326114,7.2894051141621,4.18671312075945,-8.20826678104747,-1.83338940356604
21.8304037097964,-3.44774872493137,4.70866665768199,13.2615419965185,8.35899001660445
16.178179156687,14.6172487219836,-6.03392110355397,-2.62354392233926,10.433631715028
18.9016590625881,14.5498097872915,4.47222878731356,5.55771242171534,-5.17601496034119
16.3404475004077,3.93652317016067,-5.67465740927663,2.76982484691083,15.1734195378113
6.78606941787203,3.38275376627616,-5.1062281026465,17.5914247332553,-7.05878265322687
4.5569241614747,3.11663864776782,12.3257965871566,3.37267765229049,-12.594803425284
-19.4333671353603,-12.6540207099816,1.1354541476789,-2.85397710328067,-3.1291069146316
-19.2350604603684,1.70352163725705,-9.11890216103802,-7.97732755270972,-1.15855142705372
-4.02305726739333,5.09231414238863,1.58561078435524,-1.63054635380027,-5.75619304485512
15.9733021472873,11.1342434099538,2.15464294538849,-7.93574972905918,10.5203070587539
6.53551914732963,8.75519100499695,-4.56324092438553,8.39870371746935,-6.30777957965337
-10.4726544964211,-1.11307365327999,0.933000840116918,3.42615741279734,-10.4034093447077
15.3420014996913,5.86001458412545,-0.683705101334174,6.99288412187281,3.54159740691881
-2.0473555373761,-4.36627992824794,-0.693580759021194,8.29043763717256,-3.37728305387645
-19.3153712759709,-2.72681512555061,7.56679729923227,-6.46397826700807,-15.574865741599
-34.55499435388,1.47354155416626,-1.86981492144551,-28.1977617192933,-5.69030786281818
-20.5084301812625,-3.8328882220393,11.156686075687,-21.8720478066166,-5.4244842235554
-8.3288370162064,-17.8552933542464,-1.39297970055896,-0.745151434101419,12.3034107664165
12.8306592781531,8.08259529935384,-6.62536905225624,8.83958858951185,3.45475297332158
-31.0511690063691,-22.2144110119649,1.7133354061927,-5.24180627336227,-3.2968297601855
17.4415006689789,5.18573112309796,-3.17783771864837,3.25081729597276,12.6844203913504
-3.99412821697458,1.06673196908645,11.1004402223314,-8.24799064424299,-8.22329900142937
-2.52052601740366,-0.00732746974160074,-0.146572257159781,0.242595045409909,-3.25219674883481
20.0041629828533,14.3702017275657,-5.40922904231954,8.70612805070182,3.54539801879218
7.16582841740485,2.96692465603074,15.1017875043723,-4.22321082100992,-7.11443449123614
-46.6785941213466,1.14797872926153,-21.4949090723746,-8.89711295159653,-16.1975208176012
1.93792811022124,4.14373502969698,11.7772906165028,-6.85600531171626,-6.67625338935054
-39.3349250324393,-7.15272715165327,-9.63778337445598,-12.5867856238106,-9.99105005282858
1.03932679388838,-11.1257378599031,3.53535549412186,11.5281420917365,-1.91694543677316
9.86462974285396,-12.1690187190535,2.24803173993225,12.8542477810168,7.63708610802866
-10.227712632981,9.75044797657215,-17.3417574517104,4.51855917415582,-5.53615777920276
36.4978300821798,3.56695047696472,16.8374801762742,8.6356460140525,9.51484007197102
-7.6614495662771,-4.32643602090663,-0.499727381625401,-11.7962285547961,9.29685799927352
1.76346565248903,-17.3922370811351,6.71032105902692,13.3318691769521,-0.383339189392004
1.5056856328258,6.37009964873071,-20.6312029522718,17.6604513632002,-1.75961536357516
19.4891648210326,5.30484694542135,-3.56930520911526,4.56086552319729,13.4913520065137
40.8131042762689,24.7219518535562,8.32223214528147,-5.40392946469937,13.3375604465562
-6.67677620673666,6.82357544178189,-18.6825676444195,10.2731859731112,-3.04932604391575
-1.33721742874624,6.22569169002789,-11.916738573939,3.26870521934157,2.23567690101541
4.82450113476089,-0.127015499431698,0.102143334087082,-2.19001812017562,9.02545401691583
-4.10595808172732,5.92830216029835,2.98307553404175,-8.08465771114077,-3.81815102214299
3.00359920326543,8.12189795006065,3.05733596183266,-7.45415785885915,-0.129968394110719
1.28876890386637,2.29886216032747,-12.4938172598845,1.66192770513704,10.8139201442117
33.5944201785957,4.37982274495929,4.61553962778025,14.8341272831547,11.5721265333835
-18.2238736864048,-7.63203276275796,2.70228483507452,3.11993158240619,-16.1312475325563
-21.9042970264095,-15.6696230933952,-8.01234558435572,6.66818252502193,-3.83502997869318
39.8293081849183,-0.0126683574587111,22.9782976554647,19.7735351327478,-3.03454709544015
0.601857975718744,4.63289175285916,-3.30858229695383,10.1938254379075,-9.95958251312835
36.7948530555878,11.1854597759985,21.8068735695852,14.0485302373691,-10.1259093598071
10.2746877253078,9.48495550722596,3.84424556352855,5.61714244352958,-7.80673147234059
-2.79746167446,-8.07590611784165,10.7847834176259,0.910752227297791,-4.38408742597808
28.0438028909495,11.0720138431263,0.0105139138547214,4.19297510693369,14.326506501198
10.7390127782995,1.6105630497469,9.2776960472926,13.3072974008603,-11.8496997250911
-17.3738992709239,-13.8729235977859,9.51331378987399,-18.5028422181743,7.94376879706165
-2.09524654051725,16.9552374829635,-0.698678738561765,-17.3033678910805,0.14566989661996
1.2692488183851,2.40955573144948,-2.68770350576711,-5.77245433294651,7.65569634625817
-29.1676577924982,8.02494541543016,-12.1843203729667,2.29709229078263,-27.3322453999254
-5.34036457916352,-8.08460167901815,2.43969361842538,-0.167098393862905,0.397928884989693
-24.2655644675396,-7.6107823476036,-16.5753945066639,1.36350704078252,0.585600394299764
22.8835465288529,7.65343749116616,2.39569666736069,1.95475435550338,10.8427309639722
-6.85803759898744,-4.74095529010108,-2.11280847713731,12.5052060431529,-11.245240458304
11.3686398624787,0.307439459135143,0.0899484373108249,-5.29039998368986,16.4703157086081
3.74634865218001,-0.135188985917695,-13.3791925522317,3.90571542210224,14.3035141413197
-23.6418017180991,-2.41769581388992,-7.13288900557832,6.87699126078329,-19.1127688399926
20.4985801952605,2.81528854461873,0.545438608436914,3.27132628459967,14.49188322729
-9.98333760307702,-12.1787815928992,-4.33142448796848,-1.66665190546993,8.0780011705084
7.72595401876851,-1.29912168898579,-4.26203978837147,15.512832670305,-1.11069977166523
-5.79542452788604,-4.25848926584687,1.56123835023508,15.3725335816682,-17.1746406212527
-23.7025909602493,-15.6174560670608,3.05719175919394,-2.99402768557456,-5.16014095037793
-34.8154214421176,-6.44820033283033,-7.12815967047587,-9.19639588780025,-9.92587024553779
-40.7152839191197,-28.2588578080907,9.95115618338342,-9.57118809239467,-11.2422408794509
-7.01312479227491,-6.32541351268213,5.05943289904898,3.31720638413949,-9.63955921489146
-31.0331330661852,-2.3770120454075,-20.7835284990619,-4.08677594909419,-1.26363943256055
-4.0889400085307,-15.1416175993565,4.15250543545636,10.4562968204308,-3.80395732019566
25.7637995777881,7.07350691550228,-10.3739291959164,16.3899317731212,13.0646080481483
-17.4954795883565,1.32074351156081,10.5971701264358,-15.1820773964656,-11.2816795101073
-18.5651818016447,-11.8454603234304,-5.57712448677735,-2.89585564776644,2.93191029893851
-21.8206097743041,-0.106755512318518,-14.1505104848235,1.39528020026523,-9.42619355577879
6.90808016239291,-12.5104557886974,-2.02457734485128,15.6256196801275,7.76331871337822
-12.3946923622368,1.21911456794413,-7.58545582941561,0.48343427338077,-4.44298488508201
-1.70732101337804,-2.90881443448607,-19.1948566572107,10.4494673596133,11.5708665258284
-19.8481344181244,4.50135496981508,-1.75034274017155,-18.7807847094282,-3.3082349492818
-14.7286739297346,6.24103504348635,-8.68179118487492,-4.38501550133175,-5.83448902578114
20.81729369156,5.48592935689189,-2.61293468744656,-2.00380103097326,19.865149783473
25.2041275569855,-8.20881248551523,11.08791095868,2.96723851298538,18.8811988553293
5.43312832489894,-3.83159977220288,13.7549572571288,10.6573254182878,-14.0500591657962
-26.2648089751939,-8.61025999758424,-8.92617473570033,2.26229862123971,-10.0783576294759
0.720278828558177,1.91135247488704,-18.2398167419189,14.4091054315817,3.24220169568848
-40.4680904716402,-11.0117054879829,0.152236042151591,-17.4618393097671,-11.7286225122189
34.4699408624266,3.65477324991441,-3.91689643281919,15.6270510054083,20.3098573409331
-8.89084812973981,4.99145522748746,-16.585325617935,-9.70900866865861,11.8567202258492
-7.39798638001295,-2.1809530641363,11.3873789428602,-9.1269365682407,-5.44324991456148
-11.0984620981743,-12.6301967655838,30.3260659290589,-24.1058713422401,-3.23194159629609
13.8869736584002,-2.71203033226773,8.2530964600723,4.04626692107802,4.47722206661031
20.1575819445077,-7.25289324909784,17.2856421184513,7.88455072112845,3.29524255928161
9.98628090593883,14.5134701039445,2.7155429082288,4.44264910975729,-10.1461964221624
-13.7832035451841,16.4286937465608,-20.6412916122876,-15.7525258294482,8.57276241475944
-32.4701004923816,-12.7432285956466,-4.59477884806721,2.53703898734344,-17.2029350484926
9.49332845607389,-5.6273036036855,5.69416860894867,-1.37718398488508,11.5800446497535
2.07198408037508,4.720153567462,-15.8638936565806,9.05410389172257,5.19170008838736
11.0571549913415,7.72442271637232,-9.87314075320858,9.66781830469158,5.05746115641933
-10.881789868334,1.16829995255481,-9.30114142207819,6.99526796336593,-12.2643485749276
5.46325724339033,18.681037219691,0.094710911698942,-11.4570784386915,-0.721448435602188
-22.8429827673924,-5.04500742002068,-8.07005858107873,-8.76973586767699,-0.3070482201974
-7.30402731030664,1.86407621365582,-1.32229245552267,10.9899631412693,-16.2048912095743
-8.85674291793232,-8.03084073786964,-5.86128549946094,3.08740945586,5.56735432957398
-3.4191002142893,-2.65710204674338,-10.3479327252608,10.2215122823051,1.44528332541761
5.62949994145488,2.6933346790931,3.12681717536603,9.18839898905124,-8.50127736480535
-9.10690248993455,-0.873684919484822,4.32078743702452,-4.03765851235346,-6.86594129406935
-0.0438637549593465,5.68494023203199,1.35342800677943,-9.86566820649068,3.1923432984963
-5.88035461901658,-14.9862352341761,-8.66301120913974,20.5669766372407,-0.797237616230612
25.6935027985727,-1.48897132911157,22.415447189902,12.5958330968597,-7.5018208988555
-23.5092712391803,-19.0240744651938,-5.4807898874936,1.43193785927358,-0.160581500448905
-23.4826036335564,-7.07026346008431,1.57228919967826,-3.30716532754488,-12.0918348506827
5.94790705456129,13.0078299144933,3.36762988517358,16.6966647091779,-26.193801459486
24.0315549614593,4.17304896419312,6.52983792253697,8.48031446481367,5.55444040071206
13.2554836779735,0.787083621661439,-5.77368453622279,16.8875211089806,1.25884493921575
-64.3741152155062,-19.7047227101233,-17.0796602064127,-22.0864055116967,-4.52084939808763
25.3509683227243,-2.79816782060146,0.575504032570429,6.09845735199962,20.7090672907412
19.9016508821682,4.71327944913482,-1.37888962238985,19.5785557694452,-1.06720206463299
4.73954904099044,1.2358914084691,1.41163127084121,-6.15397546019158,9.83214039094195
-15.1427985061056,2.93956326713882,1.68320155958742,-11.7241861868453,-5.52388435880151
14.736261495421,22.1286383825601,1.77117892897405,0.200943912807852,-7.36694624866541
-43.3562236636493,-14.1335221075094,-6.60866793116544,-12.1260649099218,-9.62358842511113
-20.6963306849402,-14.0574227189515,-4.71928332345834,-0.541593597407742,-0.0694134909191008
22.6160977515998,-13.8452040041333,8.43641938809748,7.22123075166115,22.25596515966
-8.84815339995979,6.39789103049543,-9.07520353608023,-9.05594258156923,3.63322104266414
9.27649900837196,3.61856122584824,1.3283331533059,-0.40087524262293,4.61761658869439
18.4449973045943,12.9463124987246,6.6074960742195,2.20767694162037,-2.71030900252633
-17.521601098863,19.3017584113404,-12.696136035287,3.74614698237064,-28.3950291103841
14.9533526142497,1.53371892444181,20.2895896573948,-8.06955051201501,2.10971815823117
28.0599462690699,-14.368330045584,12.0586113093558,36.5428574147275,-4.27600438922685
-13.8096586235809,9.97880463714099,-15.592128765329,7.58945744416049,-14.8107884546355
46.3399845185437,-2.63179388191711,17.7236726609126,9.93464537451006,21.9878859636991
16.0847127931988,-3.3142850874309,16.2650322660147,2.86001836459338,1.36777609741961
-15.7031109595923,-2.67289321602892,-10.3835644826494,-11.3660341110724,8.29942586694303
-62.4953099394907,-12.701929187132,-25.4264211221254,-15.1724889802093,-8.67035465697155
-9.94182111193211,-2.07084918322455,5.29909932004899,-8.48219175152664,-3.90245428770246
23.988739051091,-2.58676246994411,9.79710653021935,6.0176938953516,11.2745566592543
-8.12025098717303,3.32386798106256,-1.13241047149888,-1.58354724790007,-6.5471726468326
-7.54485700249319,-10.4803050412264,14.3466858147462,-14.0407394670621,4.20202610112781
-23.1897608302795,-8.19141356071022,-4.37881385631219,-11.9300368891798,1.26364743172486
-12.8915468058831,3.05490827392272,-3.14822449127986,-10.0078436184709,-1.53226987527572
-14.9378378087622,-5.68038075772005,-6.0932021939456,4.92846664044426,-6.9935720974537
4.40930592353273,-2.49468645704548,9.54260146610466,5.01371426552952,-4.89037480661903
-3.61796462256753,-9.16967411339377,4.59254443632773,-4.95310771747259,7.13945516983303
-33.7027695198256,-3.40963545861646,-15.4180966979851,-23.5558784409791,12.3654476336668
-29.5278573116528,5.74877417958446,2.69913149289487,-34.3082298737878,-3.65972293853934
-24.6465714154833,-14.8482909836117,-1.60323382231835,-5.49537565172863,-1.61223562635952
-16.359395089279,2.09326751574892,0.143245574422658,-4.52439642645093,-12.9461549939606
-19.943950665229,-13.0673299943788,-18.1925190491973,9.52664089573305,1.95557377248207
-28.7445554644813,-9.60161442873752,-1.46553621612271,-7.94797818588303,-10.1343053044904
42.1808452553768,13.2263748072546,3.78662328897615,5.48504356938325,20.2068419544176
-9.78913551135475,-0.102575257167724,-4.33051453101875,3.65830464265944,-9.59324815889734
12.4848926400674,0.648475875190854,-8.78134355296404,-3.47619723933334,25.6149727122995
43.7880584420323,-6.32904617617706,11.5691647420745,14.6405608560235,25.7175358480372
-36.1241774238984,-5.6028028640452,-7.23241725148644,-10.4915441850714,-10.8291197569952
-6.43791244674547,-2.31216312167336,-0.739380666073158,1.361076841803,-3.20217737086222
33.0788969612132,11.224605391977,18.0663523784964,17.1483490066554,-13.0885070951359
36.9175639646679,14.6850669370847,26.1599691072682,7.6799998684927,-10.6311810440292
-1.71384434661792,-9.1395917542225,9.87681245351714,-10.7467273968946,8.5470066081599
19.775243780576,13.6093389062913,-1.6702367668274,7.26202219030992,2.23470433791354
-6.8923919870409,21.6295345980797,-7.37294137082361,-22.1105265483215,1.25591292671062
1.99286660210694,4.1312138922361,3.77681117289626,3.49914193030592,-8.408299114748
25.696641017006,0.531380167426205,9.60406969109907,11.1235638463567,4.75647219812448
-29.9595598332718,0.294489816674946,-7.50197330543795,-7.94135673662426,-15.566312897021
15.8903442510538,6.08207868222805,18.373543824241,-2.28128293476127,-3.82318351513771
1.60643774111024,7.80461972889435,6.60556462841132,-6.694577181218,-5.42820004241835
31.114911973828,-2.11477703074576,12.1947725090333,11.5438820298157,8.41779396012149
-21.9878874322849,-7.27191616300845,0.939166091936083,-6.70273155837325,-8.3997884512081
-4.43577154540761,1.82394582588125,-10.2030387895049,0.0364127639503887,4.23430012824169
8.41001211414781,-6.46472316011907,11.7989409093531,9.04218347986649,-3.89006332454599
-27.0394369314127,-10.8251700118671,-14.3140524324948,-4.27837864967963,2.15639109042596
-7.37834677808473,5.76398160616428,-20.8503388444175,-1.3187503981528,10.2565066531819
3.01360175739204,-15.8912767675746,3.00956572546468,7.07851722757083,7.93209751991618
-24.9460436962869,-4.08098276565641,3.24725589589594,-10.1539619392927,-11.9609171617538
-24.8439940669767,-0.2952431469436,-10.0434794512497,3.0025742182729,-18.856616835892
18.5598983770143,-8.61890926294152,3.61302462181396,23.761611165553,1.34000737856622
-17.4603787118375,-3.40213250074574,3.80569128388153,-0.277691178536961,-16.4665934358989
-5.29321307367969,1.88055146898103,-10.6105422725579,-3.0051497624709,8.39328384686733
19.5796940841699,5.07381606002559,-2.41595793335478,10.7909130655283,8.15302446397222
-7.81982748956458,-4.8321824089824,-5.38108979217791,-0.872429159790233,3.49055140325598
24.6845877693713,0.408801892318475,0.298685443702431,24.1798908270733,1.16766644408011
-0.969313067369886,-0.274391702394142,0.451513307945551,6.5572485378366,-6.93723159021404
8.57849391084367,-0.892655737702789,1.64045068294212,-2.28145508476503,12.8854451979095
-8.57822179756231,10.4163402423892,-14.2897671689322,-2.27192244218147,-1.21782564805327
-17.8018898625757,-10.6923869813406,1.97364394649613,-5.54412023841503,-1.5258750142695
12.1259015175407,5.99728517768818,9.94347662788859,2.71756606762271,-7.43087208415667
10.064240211637,0.723391486182928,2.54446670073021,3.61134449899592,4.1783840139585
8.09172847335786,5.8350031928265,-4.58167144134945,-5.3455900195803,11.5251880301306
0.877705091877194,6.27561249455787,-9.21347508818964,3.00307004638673,1.44067670228205
2.50903264889041,0.590042889330213,0.521519922930962,-4.578365609932,7.52589610329035
-26.9523785693276,6.84782733936151,-28.4951341909825,6.95032282040973,-10.89715632937
8.78335142215789,-18.5420826622756,25.5660012411455,-0.377264975168869,2.89642144526973
-4.20474354211052,11.1296752401937,-16.1971029562443,-5.31679301258523,7.63220036053935
13.2624139171251,13.5025869251418,-8.29588728800583,4.26861675238126,6.59750358077271
-2.15580214935093,5.74967875917038,14.3021655831269,-12.3826664190413,-8.26862677023883
-16.611355739334,-1.77591132594383,1.96922768183455,-6.88498253571025,-9.21608779738085
24.2557066985034,11.0581515854197,-1.23260839690628,21.6767099362088,-6.10515162942437
-9.9193701986475,-9.08027849384388,-1.36156888493005,-11.5492699613911,12.3606530610743
-0.97996725861327,-3.59534676114904,3.15654067095618,5.03608484701756,-5.79244683198681
5.77200777965761,15.233822134031,0.217458200921508,8.11931370420814,-17.0857264972798
-1.52658249584112,3.54231705686801,2.69675524694345,12.7816403881681,-18.6900779930765
-13.2942662772407,-5.46906113143634,1.08843725428988,8.32922370200264,-16.0826976971704
-21.989938344401,0.413720655830428,-28.1141712598588,1.64483349000943,2.80659631250166
-4.70723618576306,-4.39471388791856,19.9101054985494,-14.0076978646392,-5.70929898168824
9.23989156376583,-14.0972526494294,19.3688814672074,13.3075478518063,-7.29793007566272
-17.7260713439515,-6.45298657948887,-4.79514611630779,-14.4182876333494,8.86040380011371
-21.7718219680172,-8.74548348632413,7.83188465778749,-15.4043321436469,-5.01621220466219
-27.596748810125,-0.772512374664863,-12.7338403629266,-5.71606911754116,-7.35829196483084
1.42430919809965,-4.41984665104562,-5.63452267934252,11.3225855313418,0.0767131971684744
15.6222882717684,-2.9028834754723,-17.4315947015195,12.5126312736565,24.7100015840514
5.1296886313341,2.45157244713742,-4.7725739529957,11.4707871852284,-2.96883918275998
-25.1160271520612,2.23285102642876,13.0600739927236,-9.81112069419314,-30.0317192268463
-3.94114009448457,-4.87268323922001,1.71450701098368,-1.57126745814343,2.85305057014341
-2.91628085953955,1.78438166472957,7.57689716734404,-3.2432016442759,-8.9483727883076
25.060291146155,9.615354247121,-1.81534548397801,-1.08725050644058,19.4932719710302
23.7326881781267,-3.51304674348293,21.6757744187796,-2.6222369236813,10.2076230642272
-0.563621600293005,7.26398269416048,6.23065329484097,-2.25158505497485,-11.5190899720522
12.1938185455061,10.0513297729061,2.61407423307982,-3.37138289691164,3.68508416980928
39.8393163606891,18.4781783070782,5.96926168659829,2.06704528611623,12.7331935867756
-55.9957849127761,-22.6904236323234,-10.3050680992564,-2.86831257593334,-17.9170077248058
-16.4919062195714,1.89525014404147,-0.681958748311052,-11.7186690463731,-6.12455928420083
-6.52575693250233,10.8721624234541,-9.33891618448672,-16.4230097689254,9.80128447770829
-23.4587477671883,-4.83550173749865,-9.39224936266965,-8.43748737376632,0.389387479254103
41.27093697212,3.60082931445252,9.34232335664583,14.8511510150726,14.2646873740861
-11.3067273312908,-8.56163985556274,-5.64721557584888,14.7844783091374,-11.2256601618541
-4.64889288771766,4.3626276888958,9.07920259269656,-6.39763651900306,-11.1074773901184
10.9620466301239,5.48788973480193,-5.83324648105636,15.3642325062629,-4.09198762301826
4.29521098804715,6.47554091751874,0.997863450738762,-6.06928174352664,0.890662666095188
-31.7926141829996,-3.08623993074194,-7.92407949436972,-14.019896535367,-3.87396984154697
-9.86091998698666,-15.7642366406098,5.46615504664055,2.4800890717524,-1.34564044323004
-15.276055570931,-2.82578821007438,-5.72939380904363,-15.3061860198046,9.84037214751599
8.05664807715639,-3.40101287052824,1.60600268713953,9.69411570080324,0.241427649689825
2.90667572928567,-7.72503627258822,9.08948807909463,12.8302152484864,-10.7159272144426
-3.32139603326137,0.728023991144785,-22.1962303194697,1.20102362838324,18.241256063287
-31.428245767281,-2.09270347960522,-12.4623987624117,-13.654813040712,-2.72006235617267
10.8975621124472,4.32904990158441,-11.9072775680368,6.7368436790204,12.5352346446535
27.9365601086638,0.492150013880593,3.43485094715505,11.9456869576355,10.3818550416568
-11.4889728960423,-20.923831629728,-7.14650675502661,17.100338104575,0.292155219634012
-22.1322677654123,-6.42051577610739,8.78746364250807,-19.9749778377073,-2.85153010526113
-16.5513022490728,-16.5338568799485,-10.4970687112645,11.9956349210997,-0.388738035613739
39.5762880490821,8.22869937594883,7.5986144075057,6.74867058970137,17.4983831384319
1.06454237714326,4.39806797618312,-7.27715944256231,8.13494392643425,-3.76931965027609
3.87255119879849,1.79467714644928,-2.52045539587534,-3.43707577544182,7.46240531971574
-4.8193750534841,-1.67233510825345,2.86312661006016,-2.75496427114804,-1.40841069990117
-9.92143453849537,10.8667992062213,1.18440660802319,-15.7939089393049,-3.09591981279882
-20.3821710084698,-14.6570249500617,17.4714048687742,-11.1022735532585,-13.625889643716
-14.7094184062243,-10.0553529455238,-2.47187696425526,-3.58097654865497,2.45829828527282
-24.8482310570222,-9.97652508588352,-5.41530391611844,2.62606207958947,-10.6613941635357
-24.671401546728,-9.51499019460828,-5.15106005827483,-17.4788634206341,8.56738677446266
-9.80132297826586,-10.04234994705,-2.38535643187281,2.36498357938104,2.16843575789018
-13.0173786767021,-6.68157953245759,-0.115112874974128,2.98150126867566,-9.63770445116026
-7.61108702716136,13.6974134142734,-8.99601384140552,-9.14793759588748,-0.534955544734718
-33.6129201692858,-1.86919461195216,4.98630013336047,-24.293701983204,-11.0183645086133
-3.95320270783375,-2.9486299064795,9.4748243910641,-3.26980819467369,-4.75368856539331
-7.99657285620277,-18.6317176802233,12.1378192117845,1.92943497429527,-2.149444571932
-8.99565207417391,8.21860471192015,-17.5376477502157,-8.56759765274721,9.2236763006401
6.64975375616715,2.72611483343261,1.79075901101651,-6.98864564088888,9.68632033108074
0.270417734481838,1.93682911745223,11.5482200488831,-10.6588508120749,0.486809198765795
16.3671053333422,-6.87709329382889,6.89652818913977,2.9531085408975,14.9613424388483
21.1653360380198,13.9261333717837,1.8565681523614,6.90123741607348,-0.721337465415218
-10.6245950822183,1.07210762461508,-7.40221868131352,-6.48775744687645,3.33857355906037
14.4298585708338,0.194868726440965,5.87575980222232,17.464292632976,-5.99183547630122
8.7354593616728,-3.29991416012901,0.441192717341065,7.54117443162673,4.85508894090595
-13.7955684662401,-16.2408599002612,4.85122013839712,-1.24647507141009,0.0223570570270378
4.95342544343032,-3.11582351711493,-8.73453360721209,18.9528579733565,-1.38436190993164
-15.0526742931964,-4.4228354199914,-14.5071857280307,10.2074994878589,-6.35551696709077
31.4109820713055,13.6063038125768,-4.71081452738948,13.9776223088745,9.06854491524762
-35.2512108031134,-9.3677610720092,-6.43778650037589,-12.3606401691335,-6.8782800965755
-20.9472328750977,-8.72822656574992,-15.2440904291583,-2.92980524476145,6.15459933858518
-1.0209772087368,1.26146162019495,-6.77393162128271,-3.04134693961519,9.59981102410249
-0.545725369142392,2.00521138047047,2.29831237240228,-1.8030015583988,-2.39313053502819
3.42856958491774,-6.97229598078609,-10.3770181842754,8.26036680173142,11.3213548150875
11.2257180739026,-10.9349480966371,-3.82069261719786,20.5557701233351,4.44294376288473
-16.1785457850848,6.35611715712488,-8.71170230196005,1.81329532501806,-14.6192517230605
-6.59830508107742,7.87137092486698,-8.74658539657133,-6.0622173873973,2.12743943094972
54.3821831038056,13.0297595236676,19.9207625546021,14.5099164841319,8.29686887210673
1.88713915605141,11.1558457997164,-9.60380358775166,-3.15793612534576,4.67197446559051
-29.561314996809,-12.6743694967353,-5.65033373042825,-15.2147340528965,4.51474584246504
-19.2968331143798,-11.5021868965898,5.06485319231127,5.26327946297233,-15.1559629315225
9.73015310467711,13.03640002017,1.53329911538121,-1.41731133326729,-1.40628851268926
20.0111074619224,8.79870310611465,-13.2195013541815,20.5828065714432,3.30318334133884
1.80718378604877,8.33338351351737,-2.89396679880027,-0.0948596236272927,-3.95772250194001
13.3315861328797,4.31592759541722,21.9787255112732,-0.974916507649875,-12.3094497187332
2.13172066006648,-11.3863757630482,8.7020375669778,9.64915032585611,-4.12744393358058
22.4215873517914,-19.8587322240155,18.0563078487146,10.1779610022341,15.5574603937955
6.38555741161794,-11.4947050222178,4.81234411807717,12.9622710693172,1.51777588149418
25.8487502238182,9.82430179972581,-6.24791160047419,24.1295040180408,-2.10357208592698
37.9239329421154,12.6881849502736,6.4696874611613,5.05672794590705,12.472696872761
7.75626040548362,11.0560583538639,-12.2872508711795,9.81361957860135,1.16169385377711
-12.3062896933323,-11.1978843075205,-7.31027774029651,8.04764952431893,-1.97544498518306
21.9467579662463,-3.82455103205266,21.2329238857004,6.69168273734466,-1.51800905588417
8.10505516903942,-1.67460018995052,10.5900211953798,-2.65688166774285,3.13937071702486
17.6242854520224,19.5406439788723,-8.68749186701852,-6.23919735415785,13.494125940509
16.633932008689,1.7847256714822,7.90883269323094,2.52553150627617,6.35634329029188
-20.3710676377422,-15.4056644671751,-4.90050061155166,5.11036306876047,-4.74715130774203
7.84437491703304,-0.170777772537067,16.1841695174182,-7.17298690379847,-2.10228220803855
-19.6684002589141,-9.37274896980048,-10.2412726830644,2.32635846644366,-0.823918951064631
-31.4921219029099,-8.90912262357088,-18.9107933543495,-15.0244994394523,13.4447400207379
-8.58216225751299,-8.11575805847307,-1.9522661392609,0.331984213384271,1.77254647947907
27.8129063116103,12.4054951840335,2.47130889100267,3.36965444636548,11.8019235402979
10.8460902300029,-1.10956373186003,16.853001648473,-4.99116764388356,1.91794047660296
11.6314158032854,7.18375140573944,9.8405452223713,-1.77174168712648,-3.95651499738095
15.1225033244587,6.36716145276121,12.194929546409,-3.81757175081271,2.22450704771334
21.9376345453195,13.7649106855556,-7.00187627351677,18.5686648092561,-1.82309446061904
29.8130137038267,-3.76056766970775,26.3189134488493,8.36519952598748,-0.834881187756318
-6.29024490968264,-0.538272163760456,9.6343821342796,-8.34448701122936,-5.27881331021078
34.2052763932912,-3.23651918751804,5.67977891140435,23.949322184355,9.4667940552753
-4.75452747327141,8.91850479448143,-9.4567123005171,-9.53306410603993,7.2433348054441
-14.2409713191105,1.10888887372892,-14.9033069793203,-3.83319741850891,3.72106048768459
-1.79560259958748,-3.77354436179915,-8.37318236084615,-1.78004375951785,12.176783507634
-2.350970118159,2.94668749151105,-6.05691556033422,-6.20390862049263,9.77588056187621
-23.479022725191,-11.8309885158708,0.304718295560582,-11.1605164454937,-0.155305343816889
-6.25272275347091,-3.43580744076702,-1.60369045722301,0.673046397605291,0.240621049057073
-15.7725274070136,-5.8640049328983,-1.2129151058446,-9.46907471663608,0.159893222758385
38.9748869466194,2.44043650709336,8.14469209356088,1.34328625225615,27.648310901107
-34.2294760467085,-4.44909013173811,-24.4956222907297,0.104032803037397,-5.62894900573265
13.2029479276414,-0.786897267913676,10.6414520184504,4.99158646240111,-1.62985838471904
9.54192948719793,-0.506554201089559,-1.72273862182327,12.2014289363823,1.33965243868299
5.41083279983776,11.2182532355878,-9.45479862349228,8.18514062718056,-2.71282441015337
-0.555591315438601,7.68731599073558,-11.7526895542326,-7.04174213533321,10.0992438806561
-12.3906293213163,7.86442004034527,-0.212517030888645,-7.36772558915089,-13.1530835389048
2.61517466467598,-6.85131073210438,-2.29928604456073,27.9316023326189,-16.1911040900001
5.19228400540887,-1.2188192242722,4.90449623688014,9.17712178386528,-8.16330794830526
-27.6737009064343,-2.05446360074645,-4.24157718539348,-12.7762538800245,-6.55452703875367
1.26798272234125,-18.1331218729936,2.43277699441219,6.37544235720277,11.6190880609235
-27.9314241717152,-2.93197002102556,-21.6905670257662,-5.12570335630115,1.53630749708154
-10.4671182868178,8.69845691528421,-11.2674054547055,-4.76569892308627,-2.55941314997121
11.0771093270606,11.7490039311993,-10.0706777987096,13.1382003284628,-3.00488109332586
-2.41206247332031,1.11065737786322,-6.58785666386681,7.72458122581518,-4.48176428971358
4.90495523427863,-17.9578320635224,0.828614085668308,12.9563527229129,8.05493583599208
-18.4565529139001,-3.77186230056551,-11.5274497403356,2.09211743649822,-4.22431379487109
-29.2104367013943,17.0460058556586,-20.0704502839472,-8.55035518542648,-14.593602489151
23.2616988475159,1.54302191691018,10.2649735886454,13.2981935947534,-0.454936093655347
-24.4239580091287,-3.54724298517996,-33.419633638288,3.10547115807802,9.64142969799643
28.769554573185,-9.55670643526266,11.4901070930504,23.4205131916689,4.21503003980311
14.8075033244477,-10.0949789318243,-5.00677830704717,20.1870202186855,9.51690802691884
-3.35197172217608,0.694217717855865,2.19270933110973,-10.4762996908565,4.92980148247609
1.26347001468023,-17.4565009627964,2.65657540383949,8.66032617954816,7.79076506108449
-22.2882043598351,-6.63168859586948,-0.131348110972511,-3.60874121105666,-11.6247744399507
-6.48003053360142,6.44103973776445,8.22919770507655,-7.1965089700017,-13.8350727273569
7.89562966758379,6.2735818205416,-0.0900284574906849,8.18673614955314,-6.7528536470092
2.80944123175474,-4.18927206755588,-17.8503541613414,8.64663996736566,16.7135210487163
-12.9091887476781,-0.139355474484683,-9.36973938020739,-2.09568626082351,-0.0802337052993728
17.1437588165034,0.00958441414905593,-0.756830001459425,12.7613867015934,6.64546131161147
5.63425402812302,12.3326020493678,-11.5601403827011,5.02063062068049,1.124648684779
12.5062554666549,10.9205196850888,4.77200290754333,-3.57355997185449,2.8020122486208
-19.6397227572765,-4.61097633829886,-3.59183106527609,2.17418967958903,-13.4157912882822
39.5623265725202,14.2196447001724,9.05297851454855,16.695726671037,1.65903306686955
9.63590253361743,-7.30978274866269,15.0717076405103,7.77758617609012,-4.3166032359719
25.7387423890383,-8.42857613589029,11.0134808488845,15.7881838608015,8.33705775518925
-8.99513734967671,-6.01171446097565,-2.01950606431906,-2.413734939123,2.09180342904287
-22.813153473026,-27.5986626819184,-0.277771839192621,6.18287569919784,0.812380407656963
40.574221491529,8.68114726005468,13.1489338814561,5.92771749459701,12.2272314524977
11.9806970818534,1.91036138642709,8.53716634946834,1.83164018233668,-1.40081909201178
34.3825042016997,10.9251171612339,3.63055429526432,5.96232663219263,14.387939177457
-8.55043174311075,-2.81830272184862,1.70906980630722,-14.4569301280082,7.16195766176839
2.34316282780824,2.04231524153647,-1.79795379099595,-3.54006634235571,5.27079895438583
26.2677521772651,1.48761627203035,6.56517050460511,13.1523057449811,6.10910897321873
-18.3455192938805,-10.3699288896261,-9.90303515662213,6.54483781074906,-4.82974241926855
0.706288339052102,-5.13512164367976,-3.21966545315869,10.3894306117252,1.37943311979113
6.53822559559,6.86169563141606,2.4055828347786,5.33518162120445,-5.18747359620341
-24.6570210767621,-2.17852809210205,-9.4607578022815,-2.79313687888237,-10.8435323948567
21.3512474743075,11.4290872699156,10.5850100792653,10.7474413146612,-11.840254445932
3.2843031670186,6.66396232058772,5.97741013124715,2.15101014231999,-9.39603902650543
4.2456509507012,-2.1787599308306,-0.817260726415328,-1.689975577904,8.75259579386568
-18.0706591233677,-9.61185647030991,-4.16149089711199,-5.35953859402593,1.71525408197084
-16.3091458517409,-4.09940959508841,-1.42169197096472,2.40609497770238,-10.9378484381168
-21.8731125567642,0.0396540933471178,-6.99309390645927,-16.2254796856834,2.37891815934666
-10.1191913477784,-1.94839922815426,-9.10199418318466,-1.92810175280305,6.17355068069179
-1.71738703978461,-12.6720238409933,-0.687869710658291,14.3403362903746,-2.4993021753287
6.70961515528974,-11.0202273395385,5.69593532754174,18.9254504626056,-5.72674696210413
-11.6938902888938,-9.97557971854384,1.71009223210439,5.05196554872681,-7.44244218694239
5.0027320523908,-3.39317163758539,-0.323775378732527,10.9986002754843,-1.3941842612782
-15.1283348518401,-5.77147006100031,-3.520414456806,-6.25287601891427,2.11601251236655
10.4526883132939,3.68138672744708,-4.7380603469118,7.97685362925103,5.77989739072023
-7.66065659044845,-1.60329766329312,-12.4748448691726,-4.22669488241952,11.0956493084842
0.17101620592037,-5.20003051914388,1.19106588602005,-6.76831276705225,12.0600960097531
14.2287789352654,-5.09887751098239,22.985259369836,-8.94172368930603,5.91250978761618
0.566512890078595,-15.7297480093783,-1.57613635639045,15.2741561631708,2.86549324287287
-3.16669607067441,-15.9736086740376,3.13890493868177,2.47065996479448,7.89106666324388
-5.67573849832248,17.3926254014163,-13.2629873960916,-3.41187225098805,-7.40224476561093
-21.3129876097837,6.04692660231951,0.800010743032051,-22.8462567732039,-2.86403715510256
24.4473117840419,13.7228450767656,11.5431288884095,-4.59507147584331,5.836049580822
-13.536161038344,-5.09207895868752,9.11996646891207,-17.8724167963715,0.833213560468022
-13.5440303154259,-2.43429226157787,-10.3134710712866,-4.20298787865301,2.68428572749326
5.66924785593107,-0.949118171180802,-3.43729264856609,-1.29187661087767,12.3099513896567
0.192799492232509,-6.78829755810187,-7.18301141262571,-4.05007105875795,19.2834838943165
14.2398195632009,-3.41969211923857,-1.98542198699504,10.8890204489577,9.67664413098065
25.7522008661866,7.8460032308888,-5.17693391310042,13.0147256118346,10.9536947984755
9.56220754811577,12.6784043583679,-12.5864570325243,13.9223281461851,-3.29758762556325
-8.7867273343166,6.72305699059223,-4.07329747095569,-5.63633247598224,-5.06274282639103
-52.5691696216235,-6.91959700456239,-26.4917077708502,-11.6339437403834,-4.65625777485127
36.9344296695896,-2.49354503917746,19.0461285014914,10.6297000548157,10.5601443976048
18.1427255157923,7.41440621009115,4.23417168820276,2.30401503623521,4.16904411020794
-4.48411598279499,-5.7018418326252,-1.31823624626135,-1.80092182816626,4.32336349746152
11.2510907582812,1.72014427471864,-3.09363959782288,19.4941063316815,-6.43285164482196
30.9638008499649,3.41797013593696,13.4782412062898,0.062448842704145,14.0735395324379
19.5849730395188,26.4515573865825,-6.50148953413255,-0.829942506325522,2.03473349622494
-0.676348586751936,-4.93346378430036,3.64505501919604,-5.13505176674831,5.29151008192275
44.1507555257241,12.139452269381,21.4258231668079,8.42809984329408,3.06196618955048
-15.4788696281597,-2.74618223779819,-1.39205472962595,-9.18162090940893,-2.27210383334599
-9.52174649564382,-5.0067351995794,6.80148512428181,-7.65010436140474,-4.09496187646427
-3.90494471403711,11.4459589233483,-17.062634210583,-4.87028006162243,8.81048140689306
31.7803677381304,5.28996969741902,3.29262122843301,19.099017017122,3.38127088729794
-5.6598294968537,-2.09965304154351,-8.7760844730772,-5.06603339805393,9.48083182366389
-1.36841335749284,10.7419562802211,-10.6913030581612,-8.64392672883181,7.84176603685966
-17.3259998560329,-12.8920956541762,14.8505249944055,-12.198355472787,-4.46768371167823
-9.1555445055432,-5.40981050852561,-6.67082869925712,-9.09873571610957,12.9258161630194
22.7201801189479,17.7991184983174,2.42852154736962,0.11087645207654,4.0025223250459
10.7595787928652,-6.13117518698035,10.1272063684368,18.8036196882838,-11.9892487168139
-0.723171205523127,-0.944644796965418,17.3337159725486,-22.310209363643,6.80535286995589
26.2504740601788,2.45356272291808,-0.636607908972207,14.6701576266248,9.95589453820185
6.39376638661151,3.08158481035021,-13.2216796652738,12.5531563345317,5.7328779034649
-4.96689568296812,8.53164772838183,12.9340284892152,-16.2666322976778,-8.97295763500317
2.67360766460616,7.55296030736718,-7.12547256947074,3.53597022035314,-0.692548623112493
-3.34050075428001,0.316480080425622,-2.69863378634493,1.53903336059945,-2.74201071335603
-5.68556377480158,4.10338328574933,12.9378191933333,-5.92476904081462,-15.4447040142317
15.6378876995939,15.5954773706857,-10.8597908330131,0.812271458536521,11.8803045208085
24.6247391763972,8.4511121239436,-2.08647011640685,11.24981022349,8.41835043706819
52.9699320742946,25.1158113853309,1.70380799103113,13.4605780762771,12.9706783376886
-10.9724812289319,-23.0864687648237,-4.87027747000838,12.5657906304188,7.1173599715811
-22.4931715576237,-3.81424916758927,-7.49913462121735,-13.486475411561,2.51733190354404
18.7624537252069,9.986155233808,-2.22649020592041,-1.18413343331604,14.5071082373951
-5.65399801333428,9.46688444440498,-13.0377658083383,-18.6845716634886,17.6385646101267
-20.8848031514749,0.413520367641552,2.82550537292272,-0.602838695988476,-21.3610939020784
36.7374656533296,7.46584329363261,5.48888082221673,21.9223792994551,4.35099203720657
3.58572706958345,-8.83626316905704,17.4952399195493,0.00349080753468725,-4.34586785218945
1.04920606837515,0.706849446991414,-4.13612532975151,3.96054983515677,1.00575958930193
24.9744680458895,10.2161320532822,11.6541123013342,0.948666699729321,3.20368098937138
25.2440785553582,7.01939606749332,-0.766843148130404,11.7569640124928,8.03049656364489
24.5202539138199,7.70430116249039,7.50799792074276,9.16037620400142,-1.95614813818141
-24.053211493236,-12.7496706136351,-12.2951779142864,-0.0752179797679088,0.325024909607185
48.3704627281442,14.4788849479637,19.950689021433,-3.78263798687194,18.5039159801003
-3.59594269855796,-12.141918634659,2.54443896746157,-3.46125129313502,11.1332199498091
25.3145523610095,23.3685049991027,2.78657637465971,0.699350566135012,-0.806190317492477
-35.198041446765,-17.7701146888583,-9.20150004620531,-6.4414175798489,-0.929516282611331
21.3443268234914,-0.737449307802086,7.5941460116198,5.88627649132032,8.38336941806979
-21.2042239568779,-10.858847288627,-2.5594999042923,-3.29083054764891,-4.00680803152269
-19.756995261629,-11.4908408291412,-14.0947581859345,4.30845477626161,1.47167376990693
0.261029006783303,-9.9640570001471,-8.56451238739215,0.304863608746708,20.3383086446371
-22.993856579546,-4.34656106005402,-6.68705067422366,-0.943291963873087,-7.42878440444765
32.5507256915941,8.62866225490295,9.95443320123765,8.62060938311406,5.81599409289135
-12.2015841438896,-0.76556389321601,21.3801266423742,-6.03941697367581,-24.2629924531227
-33.7422455989815,-0.942196431788913,3.75457711927236,-24.5121924825992,-11.0269890532121
-32.6459963373141,-11.9341491789899,-14.6406780889784,-3.55485702171335,-1.84725273300516
-19.0869719954608,-2.09596742025637,-7.28001460656294,-7.68632436925193,-0.245438244672978
13.6918477723698,-1.1815858550594,-8.06788133439473,6.1437501783454,16.6163088232284
-32.8036420908197,10.9989577378522,-1.8794745757525,-19.389429298269,-21.9361655738374
-8.84532601958675,2.90715175074831,-6.68358280983204,2.13328095781408,-4.77732374621436
4.75275766181118,7.9606523347571,8.30873896207088,-1.73909673766277,-8.48896637272262
-16.459009713776,-4.2309574426671,7.03306764196296,-14.9614215304991,-3.54170586733041
-15.9808224704086,-9.01357876934106,-20.5836300236835,4.62285798535871,10.6023143178029
-13.8866827818254,-15.0622755243503,9.71450312916589,-1.68270678117277,-6.60316279291081
13.4868424515711,3.70934641460565,13.6960855906762,-6.94341621137809,4.58777301067276
-1.66025059900174,-13.0411788887312,-18.9468008879362,23.957196587342,8.19511022700631
25.6794167561027,-5.05509464493282,17.3484666818519,-2.96318006591826,16.3468866146235
-48.8247704154051,-14.8706676041112,2.36409750438523,-6.78211317100308,-28.7731698630107
-18.0013188282181,-5.200305821767,-13.2792005423019,6.49635194515701,-3.67959513019493
-35.5915281876645,0.410315164030254,-8.49343272799827,-0.0409248531863136,-27.0790716845907
-41.7049152120583,-4.46001078234904,-14.5837945120649,-12.6948538672421,-6.58878376651163
-0.166750388144287,-5.43673691261164,3.60625557279492,0.677562080552642,2.02777688146388
21.5263487276943,10.5938857367388,10.2852851698245,7.78931768603237,-6.5099256623698
-13.7982103070354,-14.6573200016775,13.7044281846912,0.852656916473701,-14.1718382582834
-18.0544515711327,-18.0835521425899,7.74556897903236,-0.665162792503804,-7.36961976186811
-23.5402439980473,3.07219717516623,-8.83885169019878,-10.5006273755295,-3.8625460181357
-11.8868655283486,-8.67747472771577,4.42960215651692,4.32228173180609,-11.7563658984345
48.8061816906428,7.45358867146838,5.19357720990857,19.3481814253598,18.6374805120354
12.2497279136016,16.7872011482236,1.06557576915526,-9.60846387308948,3.52560106927091
-11.5935928723082,2.4325833443194,-7.04159394805902,-7.39372558120428,0.875846018048498
-11.3225871113309,-1.03173889113035,5.54259469833516,-12.6587724301881,-1.45329882084043
18.4825187584443,8.04516003741273,-9.58248251376253,1.09580036103802,21.3327222391874
-26.4888430788261,-4.25860382939256,-0.782325865213968,-11.0473969363782,-9.95105096128051
2.38711063825285,-2.94165985869179,1.98442278303503,-1.44410494588836,5.28664794981874
1.68128254042798,11.0785999402036,6.08594633044565,-7.32287985957253,-7.85571524548247
-39.6276169184334,-14.5166543472714,-10.9788030958329,-10.1678507308499,-4.06134939015448
-2.32094971553106,6.22340030282326,0.138045172659541,-4.63902099427437,-6.05543809027077
-19.2958211572042,-10.6471918435691,1.15229936877158,4.51385891592239,-11.235456278483
5.52896861409248,-12.0019945359559,8.27493051474497,-4.18918316204384,13.2653081349121
-0.837859965074754,-4.64830236142722,-14.0468318757864,5.20969805939031,13.9644608048389
-28.3506469374274,5.48822042125568,-13.9953006402315,-13.0638573308276,-4.8720560503967
-9.3436221186384,-10.6968045624923,-6.22696153438474,12.5212335017864,-1.74366293255408
18.0922633922147,-0.585943407381322,21.6419047321798,4.43750656673901,-5.11059143807076
-23.0985404524272,-2.3758163540819,-16.9503522301383,-4.18688189796574,0.915497881589587
8.33349516787114,1.33693124168742,17.5739277840338,-3.63125355730956,-6.4874770834829
-25.7837961286594,-10.7015409905773,6.94211864862314,-18.3692256379659,-2.59758839680175
-26.644218745728,2.17313878014968,-8.96452480284612,-9.04419698829093,-8.86190181431771
-12.2749999508477,7.29917657476997,-4.03783303789326,9.6886468662429,-24.9864574259894
17.5321274833067,-9.33269456497067,-4.28228917381589,13.1230108066926,18.6739830517074
-3.11348138428492,2.34239761904794,5.21659935308889,-4.42051241566256,-4.44084399913422
-50.9234849783999,-13.1304362427303,-22.9456229448891,-5.99938663526609,-8.78477853324021
-5.11813140302812,-14.8150756498632,-1.5910324043141,-7.3064382281042,19.9616114282267
23.0337173196537,4.13334592243852,5.7860382225702,11.5997964594368,1.94422901240655
-37.908899695234,-2.50938006186956,-3.76481037979626,-11.0356530134499,-19.7436572869763
23.0816362376827,7.40940326516086,12.0785404550305,-2.54782249655244,5.95991654915335
-12.8375373358238,-8.21855181591092,18.8346096731336,-19.6607214989618,-3.04024090493622
-6.55615567868418,-8.39944901499725,3.98283512508256,-10.6017289150716,9.87681070579273
-29.5520209812426,-13.4490562765699,4.58566305684058,-12.213098194386,-8.15411870871143
-6.29311558573226,-22.2715052553851,-0.571258034461383,5.54457651582103,12.4393131778896
2.20499353505677,15.8868181554595,-8.3010316907224,0.450092329000366,-4.77013553284094
17.7630503401495,9.46980652958114,6.38635732628285,-4.82615089246185,6.70594584634074
22.5835565662778,5.60864945410269,-0.807488495266063,12.6311581255971,6.87962308072509
28.0368339111711,6.17785595393083,15.4161511238002,8.45036776788748,0.0691144379181775
22.740805539539,14.4216001891023,11.0196279757567,5.30249745888939,-6.82283797954747
-3.24377804205938,-12.5591832884434,-1.41566633695831,10.1968661478823,0.269005951637277
-22.4495975394022,-15.417066253301,7.10058218039386,-7.9409979333652,-4.76264970488456
-20.0521732189668,-4.46441990070274,-17.9349890103131,4.65232948547371,-0.522015335815087
23.2756250366036,13.06042199018,2.20192025859704,9.80200354080889,-0.595625677585414
4.09444238561824,-4.24916006057384,6.8424208197525,-8.20126220623325,9.72590215981415
36.6912328004797,13.4109895942932,6.45220774091935,18.7254127395865,-1.30771969235029
9.21588283491795,-3.01842865248135,0.85684834883321,11.8397618906236,0.125692527621319
-44.1837623930231,-11.1308472029009,-17.3884565451283,8.8466000240516,-23.5949535422468
9.77195186686306,4.63043003347476,-0.841022498009845,-3.80663375466001,9.01183944627528
59.3805129778261,4.43819178280312,15.7405880407592,11.9294939689304,28.9866634670918
2.13714238325639,15.4540126719713,17.5206159581193,-4.73222037094422,-24.4917618414407
5.73620905741088,-4.94750196393299,3.85073772470573,-7.33406294601926,16.2576752107152
22.7009424285735,9.91581766213853,-5.91191556383678,22.6607791481841,-0.957711044567762
-34.0473433780417,-17.4456587057961,0.676224483102218,-10.2756807703205,-4.72943492599701
2.37383006754896,-9.71651306284973,-4.7574850478837,11.3123577791026,6.81230466564401
2.25908240831961,2.14175927968901,-14.0178830136556,4.51944531458,10.7133192060447
11.1441465893514,5.74188274649508,12.0607919024594,-4.90885189648535,-0.58670488464237
-12.3153817765119,9.30126025267248,2.68796391504563,-15.7791738965414,-7.68447838058741
-5.89401126310426,5.28705914958756,-0.912238409756302,0.741647197714602,-10.1606126844009
2.83664611291701,0.263072240126761,8.00171999412291,-0.17758268674623,-3.30679200810614
0.460896900087775,-11.0663079726608,0.919761139405161,7.89379361612266,2.45074670770267
6.65461384187896,14.8243864643727,5.91887885203844,-4.5052014347039,-9.12283607264989
11.8383427658488,-2.58830762793237,-18.4061002228858,16.913329086123,17.9590884340689
-16.9126005729715,-7.2310073102978,4.34785381672767,2.64286933327836,-13.962247628795
-2.51676388927389,7.94297397937989,-2.58831069618191,-24.9237949601353,16.7802218988708
-1.08269989379135,7.73184819618471,1.02299156336992,-16.2713491574148,9.43079320033027
26.6836924927483,-0.994523710254694,11.8263238709305,15.3821172536818,0.887457043112099
-13.4647834152719,-17.3153677967523,14.3032902786961,-8.07574834515094,-0.694992127594119
-5.56252353115289,16.5086029011479,-9.5555070009352,-8.66926820195003,-2.15122508071595
25.400234091357,14.7376235120207,12.2836698076231,6.2495974731356,-7.11853207079009
-16.7427116334715,-4.66341610154889,2.99908672997297,-12.6263241085283,-1.10889001401174
-5.60456600990948,-4.70058851211509,-5.85160617147455,-4.95534893042794,13.9656286748269
4.5125765373478,-11.1023524897905,-2.04823931885175,0.969138177527316,18.6062316341213
0.542504783774446,-3.63340817603602,4.0556742507383,12.527772525149,-12.1732021147004
15.678180596107,-3.00243281944061,-2.1512658331003,17.2977331706923,3.76674347488102
-6.03000843985164,-11.8676522233453,-13.3396378536131,-1.97821420717804,22.470955679485
5.01061378742113,1.91487728950847,3.25116726964623,-2.91611640674782,4.28469258074355
-6.39050114347803,4.46956541372391,11.6587386762539,-5.00539499091435,-17.2800986657824
11.7741616864218,12.5217362946904,-3.1141368303029,16.2543707026639,-12.753341230588
21.2814824801892,6.68663632024524,9.03341953740347,-1.52466951600218,8.66076912961269
-0.757247602782972,8.15132410041653,-5.37924985324184,-14.1574081531588,10.5571924583548
-3.42414614650071,-2.27738336551282,8.70561106332039,-4.87765607518086,-2.67036446836173
-38.6418416116252,-22.637737299141,-2.33331796008285,-3.70540975214887,-9.06488605425133
3.18027267436011,10.1308174377065,1.50712408903888,-7.85902656178796,-0.0568228006909766
-18.7111564109904,5.49620367022936,-7.96414169460794,0.633362090444907,-13.9526345926337
16.7325545169431,5.56034280926252,6.27049099982553,13.7346765195827,-8.82916719191503
35.0252114445343,12.9571630180057,15.0846052365021,-14.1582821822816,23.0625392518859
-7.13602513184201,-8.85063781831565,0.0825964043519038,-2.82257516763128,4.59023300439172
-13.4107884998258,0.620600142149988,-9.0480173635901,-3.21991354204345,-1.33824144569078
10.4000778466139,6.10058114306704,-5.05595918047928,15.4562178564765,-2.91602169135518
33.3978899553499,6.57961894896332,20.7356983615798,15.3263156877667,-8.02409410109828
11.5172032751981,10.2960490924638,-9.02913286329665,18.5465368539127,-8.4671858658138
-3.29957040024195,5.11188961289699,-8.93535692230093,-7.3472172223021,8.47550925512993
-6.84206554595508,14.3557075966057,-9.42663010643119,-9.59475478776423,-0.832913350241757
-13.2838345631135,-19.4955453522987,13.732279951124,-10.8923106157539,3.65389220341819
-14.8751293067297,-0.571877561787304,-5.05230032089578,-9.74024172741197,1.38717253238069
3.86359418340652,5.8887848637907,1.0755233020238,7.09272258470673,-9.62249223111107
1.72487462376889,6.98475681507418,13.3730882288001,3.46283842617176,-20.8016787933932
-9.90986663217879,15.8251751918388,-6.89370836170262,-15.0094412703482,-2.11217408986964
-19.8633359216756,-10.2028293385503,3.64588123813362,-2.57844446886468,-9.68859827318293
-16.7587926212693,-5.33296580288683,-7.01327510085065,-9.36978607484543,6.05828388207807
23.1562724469311,12.4127733624098,4.11994871607177,-6.94222787595,13.8272807241353
-11.4894810997606,-5.07534594940065,8.97832193586916,1.76768453573076,-16.4204515307263
-21.4612305547974,-3.17188937348875,-14.5062376321029,-7.9038296353978,4.68547859773266
-12.8388458422854,-3.96802955039582,-7.22762822346098,-3.99301117452696,2.01068446271609
13.1560711684475,-3.16892453348326,4.14525807274416,4.92605421063582,7.76593522809246
-29.525734259721,-17.4762255417519,-11.2294055361836,-6.81170923070219,6.36758106203017
-31.402400326178,4.74539204070472,-16.8494410088568,-10.5827383921587,-8.4145693898788
-6.61964797925228,-4.50122728107384,17.4166029844041,-7.07754488598757,-11.2613883464257
-5.53549801820377,2.48087911888126,-6.61767466621866,0.973330716673326,1.06210888422334
35.0782645665009,6.47840619132593,6.85522925108222,20.1925584663068,4.6531823415121
-7.35194253037953,5.23492748672667,2.7321037650918,-7.89164140836417,-6.61964967404452
12.6993168207454,-5.79887522243503,18.9978276921368,10.77490196306,-9.64580437787775
-1.66826911853899,3.67414530292589,-5.2539416298035,1.22689275617285,0.505291731863771
-6.02666861965728,7.21581197223468,-6.08957599758255,0.450689860722782,-6.34894527960381
42.7102823377653,15.9002683979709,7.33184831741637,-4.46876746337274,24.2841080512143
0.749287945540607,1.27714694275042,-1.06521843340033,-4.53786436854701,5.5679463223502
3.15720105816847,0.452990520640212,6.67900873810773,-11.703684042399,6.97029251523259
-15.8058344600971,-1.17960148962265,2.21862743820328,-17.3313555336367,0.547004300800101
22.9584519045817,6.4848880551454,-5.78855212436377,10.1774020437363,13.6412543811002
-1.93241772410051,-2.19548746016708,-3.94682378338795,6.94889616184695,-0.342191962149903
-24.4299579352554,-2.26740537984444,-2.35996295583434,-6.63505544600023,-12.7914401523583
-1.82483983867259,-1.73736208189555,-5.20634926266974,2.07758385222332,3.8800686449048
17.6914767430293,-3.82929777830736,6.31324468756317,20.9301522345207,-6.2061899320628
-3.85855065501516,11.584011224579,-3.48081935927898,1.03279702828836,-11.5344574506739
-5.81871941197086,6.18423504929187,-9.25964975088261,-9.00919729052281,4.58612632896811
16.3391924693242,-5.29792983133611,10.9880555240325,6.98291331520822,5.14412517542208
7.69103941984876,14.7562201563763,-6.97442069248541,-5.99919656805648,5.89898267508159
4.79942337074187,1.77396383634149,10.0274145911282,7.68770355116582,-13.7793051547796
-17.5578329883605,-9.30913355865241,-7.38518715529015,-1.28309109187965,3.544032437708
-2.02246402546195,-13.0832812401643,1.14997775888311,11.4494477435924,-0.172750925350432
-8.87999494270896,4.21899333505461,-15.7851384997185,7.26163940268578,-3.09955621183476
-24.8135293616379,3.96414203463732,-16.2110900060777,-3.73799640556349,-7.10115186628424
10.0815734963274,-4.1706640549608,14.261623510824,0.810297205863746,-0.655975957385389
12.3275765351265,1.42795059542209,-5.90821980336579,9.62066718136063,8.29312642279282
30.156291761505,12.5918597167087,12.5981146885092,4.82518411811964,-0.666224993111312
2.30943449158925,-3.8295878516834,-3.10187346797425,0.13454363188327,9.9431090207049
9.38404451028917,11.4685575587121,8.38109318409411,-8.03033110919835,-1.37312863136521
21.3139814439221,15.6684745849771,1.0888136606331,-5.83895642644907,10.52016345784
10.9660160234295,0.23838237923778,-8.50837783240089,8.04700090217136,11.5020375535845
10.9616128560816,19.0521662712726,-12.1891779155916,-3.43068431169153,8.04853023659774
26.1470567651306,5.44123012275614,9.25571639491835,1.30669227881818,10.4220085001461
-38.4794958007682,-14.6486055590029,-11.5608708176205,-13.0517724019552,3.03367814574364
-36.2155397809752,-13.8417174303175,-2.68828054093238,-7.00298413187923,-12.4383072554039
-5.29501091680002,13.0350407564117,-18.975130296409,-7.77963056314031,7.89915752662845
-4.46706354044832,-4.43881246666296,13.4633036044266,-11.2388216345119,-2.36723532507008
-19.7688731038733,-19.4984918317157,7.40929636443001,5.27975269132595,-11.6683252274304
-10.773030767049,-3.64102150686871,-4.85106548057582,2.08107730865567,-2.77467202229961
3.83754993420905,2.33611795042122,-2.01333349212031,5.47928051252538,-1.22523082386425
-38.0648972880934,-5.65036162813175,-2.81591289071415,-6.08651192133,-21.7466450935003
16.3893897989129,19.218457478889,-4.40612786666933,2.55919792797133,0.181343635064915
-14.2394267956489,-6.20220422655681,-3.88366255073936,0.0477755796479962,-4.44320985660237
10.3216474890037,12.0493540456154,5.992633375876,2.15979184396475,-11.2412185944613
-31.685109181864,-7.84093551648241,-2.48234747434625,-0.979477936891887,-18.7407108719637
11.5444393486239,10.5274372890853,2.44217392791899,6.5518242609292,-7.65338975480276
25.9140310304196,19.4349983259395,-3.16128178678333,-2.56478997254273,12.8006669816882
0.494854894668312,11.6396546691981,7.91802459894291,-5.51606226870798,-12.3267615394949
-7.38444347094843,-16.6170692325062,5.51140693404961,3.44706366236925,1.62669856412883
24.5907713464762,-12.7757506075031,4.83248269220752,10.8285901333413,23.5590499164231
-45.2527549131764,-0.27147573091775,-17.8286420101846,-9.42700017863766,-17.7257738059909
-37.7088698371442,-15.0933286324042,-3.5622369221703,-6.8218612023345,-10.5749445968863
-22.6326198063547,-5.1984835221908,1.75964876678603,-16.3127269642265,-3.66210335354552
-19.134459439821,6.18759151975186,-9.40055268615719,-13.4293364560748,-2.14510719696019
-4.47245640892764,1.22812997072852,-8.70343576794087,14.0064267949679,-11.1966644462212
-33.3941020554633,-6.76986960532284,-9.64965145458869,-3.27193027945968,-12.8208901623365
-15.8653979797212,-4.9569809071159,3.23401708886004,-12.0650646858997,-0.81703751339104
12.0364806956258,1.56281964425439,13.3702281133263,5.65510096494804,-7.60151723270392
-3.86129342422033,-14.1546805747053,16.7715338861801,-6.20483388563829,-0.127628478512752
3.50187348084267,0.826154095094297,-6.13965272191552,2.8559656843006,5.83161632857782
-23.7069763282655,1.03504530126366,-2.70846171125975,-7.68319040306289,-12.1043167079262
-8.26236716945416,-2.04443247821969,-17.3194851933559,11.6268506203896,1.52023010890996
-34.3183374611447,3.62521464436798,-13.189841097037,-10.6411778287606,-12.1778904070472
13.1488966617273,19.7393365967232,5.42923512197343,-4.83802127953475,-5.89413576956269
-28.2642857937829,-5.67247269095606,-10.7043644021764,-12.7507708050047,2.15959749531951
20.2918874504744,-3.42741320291857,8.42655657813255,8.22126123961831,8.10397730388756
-49.2156467344301,-10.8128421646549,-20.942937863208,6.00387827245064,-21.8689279174547
-9.2031716392223,-0.618478633667172,-1.82529758840963,7.46840879095681,-12.2348018530301
-9.11266125365191,-6.3596448663595,2.91459808392544,-3.03967743528422,0.347316686678268
-34.6944679440127,0.688226705549401,-15.7129466267866,2.6480367370054,-19.6962873611003
-40.4235988266959,-7.64473041287291,-19.4426528746494,-2.59464224102865,-9.68186607973497
-12.9403117676207,-3.36197993714091,-4.334159036862,-0.0776846812910744,-1.70847529715317
-23.5612925958251,-4.5548977846664,-0.231270773235653,-2.12724204060671,-16.5190859383061
-12.3724996855454,-2.18373947379134,4.1231766100594,-13.3855233012506,0.945458995521202
15.550337841798,0.850126740357338,16.4099796514584,4.10072338143683,-5.09017106629642
-18.5426437261164,-6.8701578291083,-0.101324702972668,16.162162530715,-27.7950611403089
10.6732620324184,3.83098454127042,-3.2771220510391,2.28554244422412,10.4138665711248
15.0579034672163,-1.14881617972548,9.81866807015409,1.81006717078564,6.36062350839723
-33.1574092380126,1.35027663717392,3.53589939608394,-12.5512948254685,-24.0901359458402
-29.5557841324094,-11.9753519390415,-4.43411896295692,-8.5360939673992,-4.22505015296639
5.19942399051285,9.04364141302784,7.48291312270213,-13.7510111511394,3.58380671573821
11.0202918648539,20.3317829072922,-2.40300011026821,5.62576689027831,-11.7950294877265
32.7566052003109,13.8648624404866,5.02671924340505,11.7766929806185,2.54413093219506
-21.5306622734688,3.28520937984579,-10.9638336135427,-3.13739663964594,-9.1237290853703
-36.3375962398793,4.1915523099856,-19.3691805995487,-11.0332174335328,-11.0867945236547
-5.63801755522706,3.9716361882699,-5.16304578431782,-2.62533203844728,0.186888535685428
-1.73579276338747,1.56127171883112,-8.0934489894313,1.91654429385151,3.89727326177334
-6.41326260358311,-1.16673683650782,-6.3550770618058,4.30195087901375,-2.68532229177101
-32.5697357774147,-16.5737946120053,0.834381227426748,-9.37167455246806,-7.33414315030337
-1.19408883987819,1.30393902473492,1.84713231974055,3.29542832976081,-8.0612595445004
6.7459302693005,5.58793986729092,4.79788389930334,-2.62659363948,-1.50609917081842
-5.82321008371758,-5.11481852094228,1.84419226423058,-12.2000744290418,10.8498056853169
34.87665408594,10.4818438710908,17.6467162544925,-2.06658760420721,8.96050991585825
-24.9384090463721,-10.5089304354095,-11.0553522128551,-0.9869544181858,-0.899313014732261
-17.043752992077,-16.8314999163695,11.2608037418993,2.3143483014338,-11.6711613042211
32.0941315162359,19.1247902100131,11.2097484880038,-11.4329977396745,15.2420615175431
28.6088547200465,0.972667598845899,2.98493095684531,7.50835420138036,18.6589527325956
47.9539132474785,9.22531267193846,5.04779374900347,28.056787614958,6.03515100037633
-1.26779400978963,-2.08393922654894,5.84138575688629,-4.02443791568392,-0.278462126589605
-4.12353063317433,2.35150152634743,4.27378084524612,-10.6189733108492,2.22913341723341
2.22143320183021,-15.7584843035927,13.080747467496,-1.54375738774834,8.1432686231424
4.64476873285199,-5.73740460275475,-7.27638500639685,9.71952525075019,9.17618254874301
-34.3781563386965,-9.90778256017839,-3.2874256995838,-13.6463419432995,-8.43460102853379
6.45765707631987,-5.81816762140088,10.7405672971135,6.27121215739297,-3.82130359486503
-1.05501731433247,-4.62638326214627,28.4202714217754,-13.971615792391,-9.36467938192912
9.19717913934512,5.77565173063518,3.63582678060549,18.6380003435304,-18.5206074602737
-19.6275757851141,13.1385077675054,-6.10402327002624,-15.2197612725921,-10.6209864646207
-19.6562362105871,-13.6221838990164,10.4655319451159,-12.0845745499915,-3.3015651433354
1.27249285751379,11.2999659911968,3.45578326305157,-0.642682594461803,-11.6721079237635
-9.19251392327001,10.6448995773269,-0.171625135634186,-8.04636553342745,-9.10312718239289
17.9902910056865,-1.79959491685446,14.0621971629385,-14.105561931551,20.0365682464513
16.8574230505173,10.3617458058475,-9.2598327626068,5.8857608618963,12.1550230539648
-2.41126995786894,-1.09977735099799,-0.365948878882988,18.5169171678395,-18.6168679799675
16.752634812045,-4.83528678191546,13.3206735502678,2.31918743365567,7.39126166118761
38.7818923030387,18.6045146792385,3.22184162293465,14.0029369804032,4.29748485475214
13.1563628029219,13.3178709976018,11.4709252423625,-8.92501344539683,-3.15538426577148
-15.1722694560737,-10.446026466018,3.54015851327483,-18.3321371901053,11.9686108797039
3.16647211851247,-3.12534288348056,13.4614002536889,-6.84047672124273,1.23961786109139
-7.9583391689691,4.57066827152057,7.82188965436859,2.5139071119286,-22.8958940901295
-54.5569513260155,-6.17365131460359,-17.3946046797934,-10.1387211194271,-18.7891449704078
19.0564841066601,-6.79279111147736,-1.40098412560446,24.1792928231727,3.17813620645722
14.2225362404885,15.3611678594212,-4.46652346493914,6.11986761645751,-1.68391964999366
21.1135245790017,9.52463495258134,9.86052743620452,9.4123367133794,-7.09860858605687
30.6557288207581,-5.69641637300252,9.6814517018104,3.95321310168578,23.4105699493744
7.57219953189454,-1.9262334890369,8.7653025921448,7.59971307835668,-7.01085624443678
6.99341309596434,-12.2713940111851,19.2055108504391,-2.57551074532887,4.19633335057153
-20.6565292884592,9.39073559764604,-10.9930555434216,8.13630834086002,-27.1552160787101
5.07854560511092,-0.684539852857614,-2.89064714138307,11.0410350582392,-1.84492430456447
-1.95470354752553,-0.709000627979141,-0.941392990226663,0.979310565595288,-1.28576091728333
6.20323924992773,-3.8742590125026,16.9807342375766,-9.28914574935074,3.99186216722675
9.69937933929318,10.2052022041157,8.1597494605527,-8.8629886675789,3.00194569586063
-27.9947093238772,-7.56518563849831,-10.3345328301977,-7.86880163331387,-2.04344507757067
-23.1821879754818,8.02297934083398,-24.2702670750443,-6.59944980880147,-0.9762674435154
0.128584480082209,-0.543787635243027,1.86902557507177,7.73396015644852,-7.29493905219168
-0.242182721239871,11.2987684925364,-2.07117098148228,-5.57411706810008,-1.04483000323099
16.4812630294022,5.60793255997127,-2.12791752943941,4.29118620213819,10.0848135902408
29.4913955521772,-6.22949763585411,7.49514919146162,20.4326044204867,8.02751201164416
-10.862494007448,-3.0319007674214,-8.59883325682777,6.20820391931701,-5.16887194714901
27.8339597335768,2.52259344377701,5.0516479481256,23.7539125300667,-0.786156896017277
5.46195432912192,13.2986260930086,-4.52976747757177,4.14143012938743,-6.72756941389718
-24.6129011654748,-27.1244053929857,6.06602595046859,-6.04378033127018,3.15312190920071
24.9704513201998,-1.06832753013963,8.17786963644203,20.1478139579957,-1.48128707873715
17.5597589594062,16.6614707148348,-1.33479696534393,-4.8094119581229,8.41496278066343
-8.97131095111744,-12.8324941057409,10.0061985898623,0.152210440898321,-5.84539643971888
9.0893807948394,17.7390528769667,2.50392291236699,-0.576188934756957,-9.81727172983163
44.3285281810112,21.7476880744953,3.41830337952332,11.8821409926306,9.03093201209122
-10.5732402056637,-6.00046364215569,-13.4622260018703,15.8793456440577,-6.49874512441476
4.96666425175911,0.380096151595096,1.89925809117822,4.8458225337931,-0.7734476250046
33.8654823850253,5.58490422359153,9.9963504216627,-0.738122990744843,20.0185627318025
43.6847984607577,7.46802434823857,30.2545558537974,-7.88198299038592,15.2686888189162
8.10655027489008,-7.84632108274416,2.58619999858781,12.8833071784878,0.910209145431001
-10.8668829934725,-9.25426218000353,-11.4153075838221,1.58094920801246,10.6873870632164
-32.2148392139187,4.31447932410205,-22.2817428108882,-12.1505911288058,-1.04523935329495
5.82074243698077,-1.08562114804283,-5.99841967483035,3.76312966190792,9.94794681279793
-8.80031296189438,-4.18678751488382,5.01098066924655,-15.87393992194,7.08500183539716
-1.60356018479979,5.38397761462456,5.88242829522819,-8.60419930679434,-3.40189047751056
-1.16393909025055,-1.70933014810074,-15.5480473832657,0.224697098953456,16.5600317099774
22.4014119081593,-1.47373353778744,7.76599059797436,9.83285415783409,6.83759750294471
15.4784083112496,-1.40930513541256,1.35756223649408,5.95417448574494,11.9456401388429
24.7952239247742,12.3003788647036,11.2114637450808,-6.67367204465311,8.85539694220248
-12.7204489517878,-6.95715135170522,-2.33322978365012,-5.31817428806587,3.21510588319674
6.29689171094923,9.34959749908044,4.75789377578943,-7.93338434585387,1.98098447570268
-33.8998203652709,-7.23540716691749,0.196623150426766,-20.5035095712531,-6.31111445300028
9.32201256209186,0.369502694892892,12.9140646526801,-2.12496203780587,-0.957112820399536
-9.28849212853076,6.49380467046109,-5.76271198583178,1.57707193904661,-11.842170881026
7.98100685401876,-0.38715252523379,-5.41580402400859,-4.95938645580569,19.2187099487895
-28.5814211141885,-10.3231309864357,-13.3113439379823,-3.9313749016064,-1.06028745599209
2.52459165189002,-13.1276655103438,-3.08848839887628,8.73111358897169,10.1668481996938
-39.8974939963595,-18.0285679892372,0.788026907604066,-3.12483431042319,-18.5938053301544
-32.3276048684018,-10.5178606138649,2.54418567297741,-10.9150853429965,-12.8677595043128
38.8711463600268,17.6046713030528,-5.10743156272844,10.1023274849112,18.5196174837246
1.02332509112732,3.0047370906655,7.13871120922458,2.74909531220194,-12.2787879501042
27.4142195611905,4.38207926676186,13.1792769072296,5.89660200273645,5.06054602748113
3.53449917178998,-5.12295520435229,18.6861818039428,-11.8707962580892,3.87844913350605
-3.60920997149126,-1.16048969235708,5.32476691068246,-2.59102769549135,-4.46829846232233
-23.3959098423259,-16.5290779403066,-4.65016840835359,-12.4171586833368,11.2641932064665
21.355796781669,1.40329590438062,9.71747659326926,10.2040929752011,1.09061777368339
-32.9393095922864,13.2129277199748,-17.1190001595686,1.05099282708766,-27.4940652354019
13.6784065118036,7.77260547953779,-9.83631504157749,21.7489770929427,-5.07748277534827
-13.0689495361281,-19.1664295233607,-0.502428496352111,2.37587273570146,6.44435617494679
16.0943405631713,-3.58105798401535,2.94442450183131,13.3508779385074,5.09436478879211
-0.995697272436064,-3.80923503495841,-2.78310804344877,-1.68532557864288,7.53308484739534
-42.9847019196907,-11.3179250617635,-13.1533395134105,-6.56223380961748,-11.0109744164054
-10.5144964046051,3.23439662551742,12.550586154396,3.59043342676561,-29.3147461048026
-0.662640284948962,16.6431890636071,-5.34437362655732,-10.9473777119249,-0.300624235901214
-6.64665367564593,-12.9317766908396,4.31046291535503,0.413466049232232,1.96709674776105
-0.305976267248881,13.5057773694892,-9.90734554873174,-1.81042386506135,-0.709699143643463
-2.35090686482367,-12.4539027314045,8.45647750017981,3.18463716296212,-0.00235852881259905
29.7475194056322,9.23108997864012,8.74935190707513,3.9769190085186,9.85362182292316
17.4090073915406,13.6662182957192,6.38938005073687,-15.7693158207965,14.1514557273314
-16.8336122996806,-12.8173157311025,13.0567850066554,-11.1420018417351,-6.36852213657968
-30.9818317168456,-15.1200064853884,-10.5843440246544,-2.96809361144687,-1.99361387288423
29.9746534089068,3.02872090932847,12.3190932510619,4.07943145295601,12.7957500006514
-1.24177665788215,3.74360939148084,0.847785172750744,-11.3363978047492,6.75973312594394
15.1302499086345,17.5626312405063,-15.4685886022812,19.7612156457906,-6.12128493876162
-7.3511822011389,2.99794191178875,0.498353185503225,-2.797023455246,-5.67336216712198
11.0016801141436,-13.0864151832104,6.20937096464009,2.75771011823522,15.289568530964
-14.6156331650969,-6.63489810188726,-4.26831792139581,1.09516729766926,-4.49439986901251
-16.0068184801793,-4.03945450296916,-4.79835433321534,10.5208929294271,-17.7939109889029
-9.83630849117696,-3.77448651317801,1.65143419148367,-5.3033023917594,-0.475733565795836
-15.6735372372836,-4.6514330988336,-1.49184425835903,-1.02915456842212,-7.88267564846525
0.70380521230142,2.14794889265632,0.812479838220876,-2.69479354570654,1.45582008761493
14.4646084074312,-2.90596998910673,19.6307849297817,-2.28380380813039,-0.127830881743871
-15.5428610785846,-6.57281290005105,9.66717045328419,-0.745728360837834,-16.1617862577772
5.99335960563004,20.2423164234429,-8.3719483868697,11.5601729295642,-13.9499178658028
0.13586084108525,6.63494727202737,-4.69304310753199,-13.1621686915851,11.9917914676155
14.1651493258972,-3.39901335612058,2.35550046478316,-0.111942848909137,15.8219425277975
15.3589748871693,7.06916766066938,3.72763738937084,7.29395374477619,-1.5027725806639
-18.3210648119091,-3.50393615575004,1.83514639133387,-7.98006097306197,-7.64077145972359
-0.426486962722035,-12.0038926891618,5.32179135072829,5.26085202517493,3.63947141012072
-15.7614773929302,-8.65014964231685,7.90605721956243,-9.7037086327208,-3.34517414439494
-4.20888691085253,9.02659515846603,-6.42057964964245,2.70709886413534,-6.85627850772441
-0.429049491651238,2.51639664530239,9.97852040251713,-3.6261263080963,-10.7135443565273
-8.77934753153878,-2.89242350270262,-0.78033800476074,-8.20465950574986,5.23654087619887
-2.59342944225574,6.59206336550223,-1.02403199156725,7.65334127843634,-13.289677891925
1.71679740862408,9.39522746017858,3.23745160991016,-10.8829590922144,1.11568907129477
2.05486591133561,-0.183302006317286,-10.8579040305307,10.4721073907662,2.40258900484256
-2.93015339922571,3.86760559107351,1.62201513110572,5.26290658034239,-13.9502021467876
-13.8864223428497,-13.370914052963,2.26595415740809,-3.18462873006025,-0.91304980549141
30.10144298404,-4.79086911309476,16.5019845331559,8.50424148612811,10.8327462216325
8.54994090292457,5.06560526837233,-0.4396451489382,-3.22641092285007,8.80324159113929
-27.6645589112475,-7.01593361400642,-1.19695425072572,-9.47546343176901,-8.57357634617695
33.9139513854052,13.9715858287832,-2.8015466366143,9.19497925620256,15.039704932331
-15.3245732669086,5.43391517777653,-9.00237406089067,4.37424516168515,-15.2981593335989
5.8778504768073,9.4579523316496,-2.5808913657302,-12.2368972800406,12.1574159862394
9.77066551772256,2.02863970689193,2.58947034140993,-4.14474546195842,9.5624640538672
-7.01200003925505,2.01416869393878,-11.9662267671277,-1.48830330332945,5.39219987033175
-14.0760696659158,4.27784881754886,2.41132987575003,0.205547694364034,-19.9177679512096
-10.096059738627,-20.7507271982915,-6.35778929896782,12.9787885540072,5.10952602493211
-17.383186606021,-2.6303343329316,-3.52633492178673,-6.83516460422912,-2.41589736326599
1.02245016556774,-14.9297499452014,9.01947081361322,-2.61376227127001,10.3160125085818
-19.4738347726182,-2.45395583244991,8.1182035876813,-9.04250727444541,-14.4211686201406
-0.707462612078656,-5.83939251207258,4.21999959406283,-5.39183578105277,6.6622616112013
-20.3685685377722,-14.2882933309678,-4.99952528406116,-6.94340482612164,6.93186500201777
31.0570708796994,6.60754180944366,6.93311785320176,5.14300997959385,12.4784926624231
6.23215974534402,8.5269860015639,11.1887414671331,-0.858052470248096,-10.5852885339658
1.1658476491022,0.288776513986161,10.0655194009203,-10.7693864914405,1.92176451830799
-12.3919746578382,0.777706921810745,-7.71306727725095,12.2371449094684,-16.5940281201958
13.7728418506378,4.0980097268353,3.40468511821868,3.10641762900277,4.4859615389625
25.0669066928137,8.23795992933876,-1.6667807905355,3.28933115630922,14.0999027853983
-25.6091529283329,-15.888891332185,4.91138825328019,-0.740959870012784,-12.8877682620586
-38.4824288116197,-4.99298068901475,-2.34845438214749,-0.0882565638080772,-30.9527399807286
1.73964265556383,-1.47557734990171,10.7586059755727,-6.04254222806434,-0.453639294444899
-4.18814267929794,-5.10345326987503,3.26568478340942,-4.82157502340655,3.03682015163785
11.0754368563465,6.47608748339326,14.1879035760792,-4.34516621030165,-4.01802964072543
-32.9997390256548,-3.9089486437701,-1.84320357771273,-11.7994140390841,-13.4498702817859
4.69870122912048,-6.69281467820935,4.21217876271922,5.44717613276534,3.57896856880603
-32.3569486282003,9.2460792596905,-16.309194405086,-12.2601034454898,-13.4075229357506
18.7731925200277,-6.1608463372285,4.14566344571129,6.12704773875108,14.006073801136
-18.6216863541259,6.39681885474215,-5.56375326098909,-19.4645141484367,0.459300398043793
13.3319170574835,3.50800545702468,5.38245382269198,11.9939762050338,-6.19658350333131
4.8411215614326,3.51532400874684,12.4253497034872,2.24176473629444,-11.7625812094404
-8.34158543697266,25.780145438109,-9.53005333213678,-10.0013240295525,-13.6688286638456
-19.9585808874264,-1.80302523504534,-3.36514928129141,-8.57335244736689,-5.81568038016199
1.68421323891943,11.1819233747953,-0.901153041851828,-12.7582319151436,5.38079797380761
11.2428828003558,2.6172894197335,-6.45578438867025,8.61730175423361,7.76553813326224
6.98229621711759,-1.88216427912986,12.6404030432734,8.08424088786139,-11.0901800641972
-25.0305242134291,-17.0486953290685,-6.11221949160945,4.58751024210098,-5.50870126139557
-9.52846894628166,-4.38067458798708,-10.7945714229588,8.61629420182406,-0.828932297973306
16.4710002704578,3.08612439119495,-2.87643632794325,15.0902789274777,3.05328907155599
-3.33880729526746,0.0785981322798022,-6.14797896844584,4.49087868166821,-0.570471688666957
-14.3776575560175,-5.91967438789936,-9.778459620021,3.31307263616024,-2.2066528105597
-30.0861324161767,-7.33694431117325,2.82893156920557,-11.7518685868829,-13.1843418974043
17.881246575016,22.5419828629057,9.33889035191172,-7.89122296640467,-4.66850197237251
2.23040375619158,19.1682832028077,-10.6644824463108,2.93489866871369,-6.04403208926398
25.2160201253371,13.4577798193142,8.11997802689052,-4.1655711466117,7.14685081992723
-5.05786107265658,4.76583509861562,-5.18489186433087,5.5262070316194,-9.70612698372724
2.85088217599865,-1.66389627086567,6.74672217696257,-1.38807797736435,0.156883529572663
18.6171204737696,2.02663372483065,0.378993516191552,10.1412605945377,7.00018381890379
-8.49529124744226,-0.615257711029958,1.14496841731244,4.57482342298403,-12.8158374657191
0.948469267176881,-1.65993413996836,-4.07070833579164,-3.84269079226948,10.5239461852926
-10.5672024921264,14.2117236414886,-1.09464426019024,-1.22287443469457,-22.2984857253378
41.6094069154844,8.40605958099139,25.4296610481431,0.49162715100263,6.83436618695303
-12.1750918939034,-5.73670660207581,2.0368956664363,8.74282208659137,-16.325300533224
24.7377056832498,11.6164269771327,1.0339910078004,16.8168795664218,-3.63902567339097
-6.8291333822995,7.18668776690067,-4.23093331772681,1.74500612737519,-9.62450894700159
-42.6574124212642,2.02393847513934,-12.9873291601717,-19.2297297578858,-10.5962851865195
-53.1097823163159,-18.7302099604937,-13.9763793230158,3.06131846495581,-22.0665561318017
1.38432828579954,21.7638075305192,4.28781307567324,-22.1786926252974,0.294689557595312
15.8011986551681,9.54182936278696,3.07971069087231,-2.50714638908475,6.93940815109769
-20.2186564652669,2.547848187795,-9.46764466333411,-15.1897931117666,2.29612844153953
-16.4674397079349,-12.9084103799092,-0.23429793653602,-5.38229899874137,4.27710023943557
-6.87659419857686,-3.40935939206172,-5.25377146115087,9.98625038097681,-7.48354967084446
18.1152223029356,-2.63246071892166,0.32026987005675,4.07305351096329,17.6286452470008
-4.57852191745279,4.25033869006273,-6.53261273606097,3.65942964388042,-3.47833857344314
22.3238197163476,8.02321741501238,9.77818511900906,-6.75135154376188,13.4347686244548
19.0716381303562,-13.2087071572567,17.9568462767984,19.5339992373214,-5.93050479421157
-14.601965419394,-2.72599066497325,-3.84469064964643,-6.22663821492379,-0.410628326377511
-35.5562971652766,-13.8025123404562,-3.24507378233014,-12.2489232339116,-6.10285400741032
-0.861219939143824,-10.207398400893,9.37861266582938,-2.5952556470799,2.03144634510285
25.760757773853,6.28986801398909,12.5078985274964,2.58525843974437,4.61574076378055
-27.1318000968747,-5.61360156558612,-1.67345893259831,-11.6409600248493,-8.3814388079108
-2.21294323475067,-21.2192978262243,5.87417238228087,5.42637393993551,9.39105028480169
-26.9529246343463,-2.72077733574821,-4.15505856782174,-1.1824207959436,-17.5550373163057
-19.2503472611797,-2.36697747195364,-16.2227264566017,-1.13986589135083,1.92596875566216
-19.5916362779397,1.14920169851899,-12.8403415676052,5.31492473212749,-12.2040999223017
-15.3639009739758,-9.00366087889579,-13.3855280816615,5.34014121982042,2.43937228179985
7.18954982495646,-9.30212509488049,7.55036568535921,11.0604154779845,-1.54652928066819
-0.892483985029622,4.24589426159446,-4.17281944073136,-3.53076195863973,3.83462848688069
-29.7644478653391,-3.90794647466434,-8.22185294185439,-8.21009201558469,-10.2549161524889
-13.7018424171774,6.2086254321157,-15.9391778571986,-6.00028128058495,3.96798985560751
-19.4610205653536,-8.8916825139784,-3.65023724193923,3.22670866952582,-9.1244591500703
-5.82132573558937,0.844846203790067,8.92473500209941,-0.803730517610105,-14.4715100016479
36.8720303250043,18.6882123712433,-7.11265403726015,24.2975398485256,0.986203455442449
-1.62765650047782,11.9366512530155,-3.28181004838851,-8.11233203178705,-1.94107751386441
17.1865181758995,-7.85125558189369,-14.1767878130643,17.3687196934393,22.9138905053541
-7.11454182362912,-3.67957460669329,-1.63386263886007,-0.745647759234254,-0.20556600331466
17.1408367443538,8.91688059921019,8.69386193370993,-3.09643083109767,2.55435669448257
-33.3261882679324,0.44862756765738,-20.1390356636268,1.82828447395735,-13.0499959888399
14.4614219945586,-1.02796674324784,-2.40373299426617,11.2944807993389,6.08736566909602
-14.2915265048424,5.63981145251086,-5.90476652428214,-7.25784192947975,-5.28362995966114
11.6512270431641,5.75149696173922,10.2949310400056,-2.96260756709584,-0.696787312677552
27.1518910207822,-0.179026044961618,6.79764484966179,11.9392653583167,9.37586054735055
-15.8478367863489,0.170175846930689,5.83955850697448,-10.5339149016559,-10.4486322360302
-10.4406629355196,-6.32660188765092,1.52313008157522,4.21957823411218,-8.70571971387698
11.9928894206261,-11.8057070887872,16.6013358889725,19.9958155452549,-11.4535920142837
17.7502425029171,15.0597166790774,-1.36797279861741,4.94184678972425,-1.1226528662442
-29.8684193204615,-9.54642971642061,-5.5807179101467,-0.774234798668072,-13.8849780488894
5.65010872429769,15.4884926660608,13.3030217397775,-16.8953580463625,-5.06849533045168
17.0442147225882,-1.20334566778928,1.60908533414251,13.5442339608324,1.71570600257444
40.7062229354351,-2.50570399886661,19.8197378849792,8.58508559312092,15.308560929427
-18.8120277280242,7.43265268233405,5.74912088467881,-9.5284668393096,-22.0973502639975
5.90755341985292,-12.9375838598945,2.17882005810384,0.914449558293707,17.2400207234739
17.2689313439776,19.0664556776824,-4.51883360143464,-9.50093701882359,12.8395738045996
16.0011614266831,-6.95160073624253,5.48533267198234,5.67368756673196,12.5995701382811
11.372798528357,-13.2673164752416,14.2364262971009,13.5267836572711,-3.57691079456932
3.54536666895063,-5.34789661715337,10.7141069933827,7.83128249512565,-10.1036839937705
-0.406278635424925,3.04588029867155,-7.76064315928319,9.90171088269787,-6.58150817690894
14.70229921011,12.177123187152,2.03733549115383,-0.183883621123651,0.677790254452066
-32.5855655976696,-6.39764170429688,-0.728609175368808,-16.6975778623967,-7.83697318179492
22.5707401091023,-5.75507675838008,23.8984629700003,7.06361506214817,-1.59697689935146
32.2047130840988,-5.06946038149154,16.1569269894672,14.3875852927635,6.69855964470382
-24.9535553797733,-16.730177845748,-15.1798872158619,18.1671525127816,-8.31649069545329
0.766781738122301,1.27335627168104,10.0513098099421,-11.4839308109527,2.18443118096768
-38.1528723921904,-0.688850691436119,-9.57244678082426,-16.797352453847,-10.5922557168192
-14.2221928489414,10.7232038690584,-31.0962484079731,-7.35021997276822,14.8990774991068
4.55672555853213,-2.07028342433785,3.0949529576492,5.22203598594266,-1.25000027749977
-9.38253944439084,6.62344928025465,3.96139210600067,-10.7192703340624,-7.78438600577269
-39.6854833561722,-7.7164217230942,-16.3112348719788,-3.49115400077073,-12.3112320267706
-15.5297939470191,-13.5649336970442,8.45850951174693,3.49467751887664,-12.4179976458832
21.8721442433934,-0.556916136356999,10.6072276619996,14.6875541001027,-1.8045924848593
-11.6700979723486,-10.7729135753133,6.7953136886423,0.506411905483743,-8.59478628510909
19.1550431979739,-1.15303685288363,16.1052099515033,-0.433374201188095,5.25844046877333
-10.0471117441414,13.4956852968208,3.32980803205501,-9.61976947832824,-15.3239824649707
16.2857270987464,12.0306858319482,-2.51749253103779,14.4116902407221,-8.24380757042112
-20.2891268146387,-2.87685478356368,-1.54107369654996,-9.89739713265513,-2.80744526814092
39.960732646395,12.2681133095388,2.48792466141182,11.1466842041252,15.1692716805916
-26.4887474825789,-25.2971566065041,11.8002963247893,-18.1297153040393,7.50238213391763
20.9699735741887,5.30607304846619,2.55213772929852,2.54192331588942,12.0562777079366
1.50514909880427,-1.21402694195704,-6.70858645651443,4.19838472097973,5.77852304349736
-6.94879720629739,0.826869758569248,-13.4758453302267,1.44894254491442,2.98384356935373
6.91736284802987,7.68910233771305,1.94830759694103,-0.561318293937346,-2.09667402831317
-24.5230658192652,9.55354246706989,-5.38804375497366,-13.9495151352635,-13.1225543849213
-8.88530758834794,-4.40262193469439,8.49981423921107,-7.94422092043257,-4.16218428942301
12.5158005203737,0.685177203935933,0.241295824606441,1.00053684362579,10.6468394487441
8.8176341618035,5.46785582646653,10.9864224154127,-12.1606344390484,6.28334277900598
-17.6587756459225,-1.3208155501222,-4.22960829903233,-4.88432290557154,-5.72446121594843
20.9541257417237,13.5958141547201,14.6734391372797,-6.57457991951397,-1.71563172692893
11.7732056153123,-6.44555259024034,13.059011900006,1.06460726322539,5.58877141766571
9.78751054243244,4.62270055360419,-1.05901035297569,4.88833726540334,4.28077287588865
21.9850635873838,-0.15840156322627,3.4061732192882,19.5937883691116,1.0684951561213
14.207190294088,0.219882095105137,-2.37385928281847,20.0851848635417,-1.86749025150886
12.1341170934428,-8.11957323024104,1.88163284291296,8.06708489057008,12.1751715316182
6.91731162734601,6.39863552588597,13.094537622662,-0.701308889137384,-9.30059914320239
-6.39091070318402,-3.8949409458305,-1.84343191042189,21.7531793510529,-21.1758707622898
15.5973564125282,13.4048935687187,2.10589941247517,1.01642979196937,1.11977624291014
4.064874841477,-10.6138498322473,-1.37719294610527,12.3105909506969,4.97648551672294
-26.4676695538823,-2.74103256977189,-11.5440316047361,-4.86539860596929,-5.72777237793535
13.3583061118796,4.05226801735589,9.22278269453208,-8.7700519857402,8.78997689589025
4.86076373692966,19.3266459882369,-9.85538416349422,-10.1137765907703,6.42036267275653
24.3036199179727,18.8025992217227,15.5624431098678,2.02453217271815,-12.5084392193551
19.4884759034872,5.00030150584096,6.26140268170019,2.51706695576611,7.54989798131605
-5.85398496597895,-1.9412810996286,-0.834973421380172,-8.28620521072243,3.77348389259212
-12.4613726599058,-3.57049990788853,-8.1191979847899,-5.0687343455815,4.52268209818353
9.48958683363347,10.2431938208374,5.39250936749913,-6.94947825990853,4.13629538493931
20.6720588358196,12.6610583476983,2.58551140309436,11.7718565458518,-4.47431164625499
1.0569258496196,-0.406277948440848,-9.28931327375418,11.9634325414219,-0.304504021141999
25.6182715169714,-0.955633322502489,11.7060668398644,12.1575347889777,4.93337910133281
2.47497938830877,8.13729021862247,-1.2918934744496,5.21765667130285,-8.80334933594829
-5.53251095492702,4.08014966419161,6.34957187162101,-1.03257087709389,-13.0197796473678
32.6830640384643,-4.67816933521333,16.0487950113976,1.46172964410876,20.6565293942042
18.5227761307356,-11.7206322473848,7.29190487523855,9.18943447150576,15.8496512608066
-43.0154300694229,-8.04970208307358,6.04354499132887,-38.2213444474751,-0.661675730477474
-52.5340829490373,-1.25915722385074,-26.1880351254053,-7.1660430783937,-17.451427934666
4.13543635925752,-3.83705258291178,3.24077309263572,-4.55826659708694,11.6080409712652
-0.396631639054922,-2.2911890576447,-5.03810552301498,3.55096713436317,4.04372032789123
-35.7155989006736,-26.1486580671278,-2.72416077888218,-2.01723659194191,-4.01044629653287
-19.5131749427621,-13.0481672547246,-4.81679851585096,8.70615908121624,-9.38880514148989
22.2962834493638,4.7315437549203,0.88150100862793,16.4762657953745,1.33479806785593
-21.1320150939273,1.1574506096777,21.2123502591327,-15.7741897606194,-27.5220077390746
-7.97928767153953,-3.35457421536873,-12.2820671236676,7.54580578805187,0.205355092353815
20.3511539643546,-5.77598960571151,16.3971126147133,1.45189423248137,8.46316251388368
-19.8143499653132,-23.3954749970611,6.66958352979314,-10.2063475688512,7.98533153563267
7.34740607516998,8.74495886277435,1.71331155047502,0.695071996955752,-0.535090927063944
-36.739605237442,-17.7456612291984,-13.7626833462717,5.64619388181273,-11.0549112036366
4.13124594410672,-13.2799023207236,18.7889789641501,7.76094554596879,-8.24930139133824
-31.4902967948129,-11.4657343416272,-3.14043114722782,-8.21834939972095,-7.68889256301189
4.11334032666193,5.1298844060514,-6.77275096329181,0.985746214707419,5.08876551931629
29.2718775369913,7.19070542418057,17.5550999532205,3.06259490342295,1.36735429996804
-34.7586225029924,-16.0664548394868,-8.07872160224417,8.71690987222056,-17.275098498354
-4.17989922740319,-0.498178432178341,1.29796196030808,-17.814558128103,13.7574092167573
-3.80042296165459,-5.79459154319008,-13.3440676896697,10.4712373558967,6.55484706129666
-59.6472985300456,-8.82409591694364,-12.9413700762579,-13.8530304186728,-23.6766092370645
-1.27648271643046,7.65551424874798,4.07675732527347,1.15315155979438,-12.8540518327566
18.1947521089999,-0.10319794094001,-2.35391362710031,15.9760000461978,6.19905237998282
19.0365504540561,12.7324537632262,-4.0350777166939,3.89253263686853,8.30734373877029
20.4773905748423,2.33465208907584,4.53563834909904,19.6099998881296,-4.50967687399545
-20.7400357170215,-11.9773306266689,5.11033038061483,-7.75393659020856,-4.62229137427154
-3.82109503518809,2.06494827132298,-12.7660236556705,-3.27230925848138,9.64183781055534
1.94454273348857,3.00452244952046,-3.24743633341988,1.47484791084798,1.37465528487027
-13.8227136922115,0.0293101462306903,2.92980388489025,7.96142291339091,-25.0690565250163
-9.13134104462489,-7.74510712790253,0.0527682563140861,-0.997783272992945,1.12015411581913
-18.5070938519734,-21.1300527313648,8.60185359642797,-3.56115932951187,-0.738512882298664
2.50982315169166,-7.1827264483993,-4.62238414768786,24.157964008494,-8.42341185262659
15.4867649739523,-2.58238540095733,-1.15592818710209,14.8547531792819,6.28917121816639
7.04805411512215,12.234961170554,-14.4330976857065,7.36852294173703,4.15601817039454
-12.5362680026818,-2.22409173552469,-21.1313906825554,12.4153185484363,-0.262787588284823
-2.58192906634554,0.775611405558232,21.1055455295208,-9.10232957166901,-14.8981918495462
-6.03159286776256,-3.03239893039762,11.7919484623984,-0.837868585568274,-14.607846266541
25.642630367831,24.4411657928101,4.14671341617822,3.81863734878536,-6.09496173399032
38.2736549346835,30.0977869443737,-8.33556231538886,17.6065760046242,-0.253720477259863
54.3333382474945,4.77600329894477,19.2916368450358,23.6533360102599,8.24157921683858
-23.6626482435996,-16.0891508180218,8.21513758509558,-12.7517145105637,-1.64322359368436
-14.8097001112733,4.94539759894221,4.21374128139202,-10.6657429482129,-11.9129193240032
3.44829669565209,-4.14070903563959,6.50952855468641,7.72678136033129,-5.58013203410319
-38.6626387910362,3.20251341614581,-3.73231677012709,-19.2102084926402,-17.226371584446
-48.3863085927621,-16.3242655391664,-7.59556132485758,-29.677924410438,5.61239245017037
3.70576996002146,0.965621819918788,8.7765734692664,2.50852281763506,-6.0325972387202
-43.628226079232,1.06117916616939,-10.4827502434721,7.47756258715872,-39.8047503708677
-5.56061950895739,-15.9452759959519,-5.47008289380928,1.0339358096615,13.8543713115129
-25.5464502200449,-14.3640825147762,4.43311642741946,2.01768954089405,-15.4405952596915
-11.3786991854321,-1.74611045168872,9.40155248869067,5.15779402015894,-21.9003808026365
26.5822752712039,-5.14365402494652,9.09727477826738,17.345981795405,5.82345385042924
8.70488763470873,-3.30721297530812,3.58441799043995,10.3180348454562,-0.512486896371055
1.13698469658602,3.21124669453401,11.6694071403497,-9.32843159789737,-3.17284019295199
1.48886819927195,8.31147261498347,-7.48155478991051,2.75988628360814,-0.447774106587774
5.13839363845839,8.82167717144563,-7.38011029434557,8.11969027099014,-3.29966957727478
12.9662301005551,14.2059142203599,11.9364076924781,-15.4402070475406,3.31552880889636
-5.5478826460322,-5.26969772329403,-5.60458453318744,14.7167242459155,-7.59908264865818
30.3999471295038,1.02396680408217,10.4397194791874,17.0339255134094,2.36593959158275
8.01540428408939,-14.1673164513241,7.70806815529992,-23.3715856948572,36.9520692863587
2.78806429152505,4.15595510030605,-1.09717512647513,8.91276727069343,-7.66684682322997
6.41081570928931,15.8799014521545,7.32356838474486,-1.48113518081536,-12.6131597108088
9.20074776459067,-0.457224915310291,10.7395568813635,4.63601342611589,-3.72262242509293
-28.3060983508271,2.16030015733766,-16.5501113177612,-13.1134038449329,1.72124338648496
15.1064717421167,10.3511544519375,13.8539973484576,-8.1906906169836,0.329073164926451
-13.6799798447937,7.24176508128206,1.50016883588871,-9.63155333637089,-10.905215895882
31.1354289767906,9.81885755710109,3.71153221071891,1.02799328679661,17.8852115601427
-9.20888896078763,-3.97876432080618,-5.12708263566025,-7.03380447637762,9.22280703568123
-17.9161413544583,-5.65921404794997,5.97030454213221,-10.3143772628899,-7.03443039169677
7.46662922971842,6.57596701775539,-6.19991914161927,8.36971315452067,-0.795353896857854
-23.5792891239789,-17.3315153349138,1.59680571628506,-8.44477018776785,1.39537583452337
-1.43081761276099,-0.636343338118037,-0.554068203649099,6.29350009170795,-5.15416746071373
23.8120179045792,5.20526586893968,12.5855500741045,5.27268703194085,1.79714754256297
-34.1396238982989,-10.2106447556485,-4.37146272151333,-8.07386662871396,-10.2579633493674
4.37934112071408,-2.19353090217368,0.94416669535446,-6.50205877170091,15.1485760596358
-19.5019668430414,-5.9067262511015,0.0167948065321196,-6.22396285501972,-6.40596649541279
-15.5676080154949,-19.5696954190144,4.28824145108929,-16.4504711599937,16.9141576627495
-11.4204161894367,13.519440045349,-0.316005763027022,-11.5654414432251,-10.9922183746621
-15.7963176247214,-5.78761007819686,15.6931629753487,-23.2086188612664,-2.47043409085883
-14.379516812845,-7.00479650271091,-15.7027537443735,6.37905265087903,1.7495563812851
-12.2186925842644,-6.41506519149271,4.91768909980012,-15.7384144904656,7.05045277549954
4.73613677996018,0.967760095077394,-0.952996544907625,5.9933340605228,-1.85658678529134
-2.42838196183578,-14.811398231444,2.91136340303546,3.7433858110285,6.41083603308503
-30.9985437371519,0.639176715623814,-14.3501901027143,-0.00600337006209689,-17.5384109088039
24.9351531124828,6.98490237224455,-2.33380349788145,4.47719221027499,15.6131139505749
-18.9806659120803,-6.4297163653617,-5.26770413902788,7.25985203581281,-12.9186619787615
-11.4235448946926,2.84898600506896,7.28387755718998,-11.2434246804609,-9.0676768176901
-22.4921660428347,4.00974403051142,-10.9412610828469,-7.9133787605994,-5.27507187095048
30.2306718099284,3.38800447906877,10.2335836635302,2.2301044294319,14.3868468839428
-30.2989558509859,0.666776487863734,-10.7805431529737,-4.72451755718839,-13.2395253565901
23.8320334707554,22.5802064305424,-7.90946457551727,0.0636690474471304,8.78269427734092
-16.2056525288092,2.68034543193873,4.17091264314122,-10.5723883146006,-9.81881160432638
7.8079550470937,3.12849035960243,5.63495109202473,0.466578066103293,-0.310256788955984
-3.36885792948352,3.14440214286728,-15.4783869721392,20.2878889760245,-10.0559254201029
-0.17737724886309,1.83905697125939,0.622725143638035,8.7087508637563,-8.83820836143157
39.2079997123364,13.2900739270133,-1.93639935603538,14.3800008587986,16.4300736980942
30.4108966836331,-8.75991437984788,23.9003590833457,11.7325164763343,4.71819949242098
18.9469334103293,-3.16118069538488,16.367243508076,-12.177912113159,19.2091605106547
8.38335198511968,1.90868269034317,8.48260730601054,-5.27504983866355,4.98575394618357
1.27896307527462,1.92651771081786,5.77431403572399,-3.38105163021598,-2.03949599900735
4.23498622602016,5.35125893473571,-5.51004046211885,11.3589040531282,-5.2155932360955
1.1468897171571,5.53529579376113,8.70936838194354,-5.15543086368844,-8.15193915916574
-6.17216333767237,7.25952368952245,0.0633265693143046,-6.42338408672087,-5.60786964221921
3.3668845702357,-15.3672434523172,5.00383705839725,-2.48250259654013,15.5557231419125
-16.0668008334701,3.37448220780481,-6.60224753220182,-4.52115791083959,-6.34133220511656
-1.51001970292777,-2.72853192942718,-10.1872706759987,8.21297690453872,4.96337006121782
3.51190926873768,-23.2277052265953,5.87110441883619,21.9131516457073,0.101226836295751
-4.22258101293756,-3.81569123331725,-4.83023020338994,7.18725745693964,-3.10199833275389
-13.3499154771493,-8.71783500992,-4.19713313268837,3.07009394956282,-1.70388407075215
4.75103816126227,-6.17167043329637,18.0242121400857,7.44765212728876,-13.9883082861932
-4.5247577646047,-10.0987662427202,-3.76624265066987,-4.09425801349414,14.5991475536929
-19.8440939156873,0.0849821974161644,-6.24979392116922,-13.1085906148999,0.396080375469991
-10.0507660342385,3.34889083304448,-0.157266344181346,-9.24538012782474,-1.70257047218666
-27.2862808128072,-8.03623803104908,-3.94765726908952,6.80833995268166,-21.3228812967236
30.1101509716161,23.0780015577408,5.38761031326849,-1.02200671279712,2.60972322296989
-54.2597742222831,-25.7204700990947,-4.16103465983222,-12.9826697015499,-9.27764034331887
-27.7122781353113,-0.539322332864924,-7.47484161694351,-18.1556441812089,-1.5043071751879
22.4309375314719,-0.431219991983237,19.8668591680274,-0.331273739667229,4.41094459528627
-30.772930774424,5.52046017298147,-19.7076248148005,-18.0648114684385,1.26697952867915
-2.81814763389208,-1.32120318239821,-1.85354744595309,8.73746947076352,-6.301573494177
-11.1531026586195,1.55056073202016,10.9350187995685,-10.5632516583895,-12.0331499959021
5.06223438258031,9.57697943204776,-2.3764623744404,4.14101443771605,-5.96324576355927
14.4646944953966,5.02843744032253,1.90690211576362,4.81090160453221,4.39291933902963
24.5356380978829,-15.9142369708739,11.6555098258627,18.6216054432214,12.2093819746023
1.15655121511066,8.46543735351687,-5.89542103620438,0.159354805380827,-1.01011805406056
-18.1957126759475,-4.08435455329323,-5.52086681534264,-2.55361376394355,-4.64718311974474
10.3084521681766,-6.28953762233661,12.225357290797,-8.9660712045442,13.6393146037002
-26.4091500487143,-12.9560166376339,10.9496633658097,-15.3320067595293,-7.1208989516739
-3.7483116291502,-17.0095534979942,-2.69774599645584,11.2870818767382,6.83676434470971
-25.3239421556883,-27.9464842320321,-2.87832308998752,-7.55072045727111,15.1861522152827
3.16429667980087,13.3648699037146,4.4289569794466,-9.85075843467281,-1.79840060524443
6.04365946558487,-5.12018777798837,0.722829698100337,-6.15131705952557,19.6170282570327
-19.3515647018065,-6.00851690811175,-16.934906313466,4.99798570454179,-1.1838788759502
-28.3161134116741,-15.3719557884165,-4.5363566128187,-1.72088759795964,-7.94619430884148
1.98654863734828,7.92280049723538,-8.71079318330755,2.02933443310153,2.71064859724445
-17.7642443231299,-6.78692473013082,4.9087368903104,-4.31592908274519,-11.3069924294203
-28.4854348567603,-13.138048340582,11.4930714010273,-8.73567536345728,-16.9369397654705
-15.8164997079757,6.59751295905906,-5.84640728654304,-6.46636978000532,-8.40693177671943
-16.4438520033415,-1.73982167851988,-6.34545182569887,4.7766591455238,-10.9155199520607
32.0339894138064,13.0120645199001,19.4950691902991,14.7670780583187,-14.0511784720727
18.7520501451233,-6.7991660751155,4.26757014289239,9.35933022001668,13.4418130109403
-18.9530974172518,-9.76528055797782,-11.6388056016855,-7.42553596600604,9.29905051325433
1.81683081105667,-2.81157918842627,13.2920020926713,4.20596031544883,-12.6765742563624
7.19265289717459,-3.24323409482794,9.58001350355367,1.37910429839176,-0.287081384232629
22.2635637723326,12.6337262612346,15.5829249113833,-4.33267192040574,1.22318533037999
-17.9516391662457,-11.8816335934707,-5.24105520147547,6.45516125569467,-7.21689190290234
15.1678173866536,6.38740053084134,7.12095731582945,-6.07640108634712,9.84580219807876
32.2371835087717,9.36156139334057,4.42251800870504,17.3875926169343,2.8279895551235
12.4552863485911,5.34114234988691,1.94380751231702,3.32752828539827,4.27914021641749
-6.83335994087154,-5.23971225053445,-3.2571986876343,0.700819558244326,1.63907483979542
0.754397509063869,0.881677217157142,-1.40366914258051,2.429780782785,0.934470141137867
32.452558779336,-3.33684076732395,-5.67956131383339,32.1401338803888,10.743152889164
-7.86924894887702,-4.88868238440964,-2.55973654562824,-3.3459621663299,5.17627427337943
0.714562171991861,4.31298691862633,-3.92219894712892,-1.10941049932475,4.02068910162584
-19.3276080851349,8.86755571496521,-18.7458079687283,-20.3733918955112,11.8026271018507
-6.28501013059715,-0.0755234067838432,6.52371974964684,-5.24262188700951,-6.68422514200705
-21.3041953790041,-7.75885783703052,-18.6313711143467,1.28427953371471,4.67396191609854
25.2066488497381,-0.290528639623947,8.08160563088418,4.46056413368365,14.1166151658198
-5.1559518150308,13.0837718524307,4.96768335898374,-18.2317939358135,-3.98276312651329
-2.25237693836726,3.77121115705298,-5.19305195723565,-8.26348217662162,8.77903431596374
-16.5548971804942,0.816117523885552,0.457102582709029,-1.57094701410604,-16.8943713926629
-17.4124723886712,1.61642740690019,-11.73969289739,-7.7473583670654,1.4681596686282
33.1155418940918,-6.94685639377061,8.07646526054431,7.12878848517852,25.2039955467944
43.1435629565434,6.665624182706,-3.34288216611367,15.5588116625548,25.9121210881244
9.74003407968429,-0.424126161535739,-6.77442834395099,4.2974207167183,11.7840258855809
-14.8824842998489,19.3526004347277,-10.617514720184,-16.4730484169741,-7.29588072076156
-15.1970228722108,-11.7147545592621,1.54848154337043,-1.10786473098267,-2.57839911663238
-15.4954515751691,1.83268898163354,-0.226138068733142,-24.5168344686977,8.92548656582173
-28.3989555705798,-3.55475951289755,5.90876754295251,-19.7036296700185,-8.8875862805993
3.3123178144993,1.00329367267502,-0.668224625959282,27.7715610964352,-24.1350489076652
-7.36425859257866,1.52811378378103,-2.58884762754456,4.756438519979,-11.4440336618924
4.33032508847869,3.26997886152393,0.690662918070189,5.01462896255725,-4.79317374746646
-15.5134518578641,3.27108009776875,-3.12785265219952,-2.17044041064509,-13.1349850218245
-1.3422896279742,-4.54952257552363,4.65965525877069,-15.8001328757822,14.9229195132374
6.4395528242098,-12.1976417603353,13.1553963150265,19.2811847259244,-12.9357962960533
0.728638222714725,-8.66314482172981,16.0780433714119,3.05493302638023,-7.35738482020424
23.4527321227897,8.82390684054144,-4.81823498473901,2.57387632128445,17.9176604379972
5.68884157856743,11.0363354438118,-11.0562891287897,-4.05470460435625,11.5330026129021
-3.51628464811762,-6.5925982066263,2.42963646638424,11.3641743492781,-10.4964252303533
-15.8547354586549,-6.01366783050717,0.0221143109033464,3.77202864287849,-13.4121407511625
3.86256052444272,-6.48968495831163,4.10931188115844,1.21263700831978,4.94229360415364
4.32366144653665,-16.1753249217964,0.434378023741069,28.3061883942946,-7.43708118653495
1.51116871565368,-7.59580664000563,1.24377165811943,18.8168429157524,-9.50494999787291
12.8703437084811,3.77623849686736,2.94660117936775,0.0702476600606771,8.48292914209937
-0.135063410686814,6.84128887309849,-8.35337629446104,-8.48235319964305,11.2295760787894
-7.45160763710563,16.7072753317312,-5.72657726720331,-3.55747990744944,-14.5346656855289
-23.485158373681,-0.675064247128238,-16.6811122412706,-12.6876152288141,7.27993755278487
-39.5267189826704,-8.45344525734613,-12.2211163476342,-15.5626229893329,-1.94508858214142
28.9999633736895,21.137365821122,3.31006447308063,7.85912314167721,-2.76810414438952
24.3170733634403,-12.7769003179416,17.926151382242,11.442280490907,6.8383230039066
35.9139280087135,15.9474791249196,8.12381224979281,11.0791521039674,2.70680211453999
9.78762746135178,17.9463899050282,-4.67174959754577,10.3972782164306,-13.6681482705149
15.2590976740401,-8.29417295211778,-1.11330244002995,12.4953216597752,12.8521027824878
-28.3650918185702,-10.5431376017373,-15.5899398775221,-2.15929259147801,-1.30575734514028
14.4774903291545,25.1497433076759,-8.61291919177402,-0.294149188635596,-2.95334815269808
-11.5138006090925,3.11308670900847,-10.3226861669794,-10.3201407599079,6.63084879533299
0.751370970854549,12.7686098631097,3.4574413226024,-2.05562412268494,-11.0276266058932
9.83963798777423,3.01946256295012,6.75738242554161,-4.41427044184795,5.26442038178346
13.5149922609573,10.879267493556,-9.1560810041729,-3.325436155043,15.4259563945809
-14.5044150253601,-0.148662755479353,-16.6550170688313,2.23367659584219,1.78722338455008
8.08097319293903,4.47518010511873,0.702615656158142,2.04673101291047,4.33510382911989
17.2313566848825,10.7793417000237,2.85222582295887,-8.02374573500554,12.6879654482286
-4.95922388232965,-6.11556362312428,2.76181325996547,4.69351494850054,-5.15045357582576
12.9595811175133,4.69652651211672,9.1735370833514,5.0912643386468,-5.78900924921218
-46.5578436146297,-27.9024896325052,-2.1301012968025,-22.6054051165156,8.12946283014315
-28.6525932269673,-6.9127760404333,-8.08430446324773,-19.735584675717,6.71655807949343
3.99634709392806,3.44094974258617,13.855977518132,-14.0225674863037,-0.0643242728607918
16.9590805837816,8.83734241141639,6.3124093107877,4.80558365175716,-1.52941647705327
17.0183789110493,5.28218521492984,-6.04336708815646,7.80202614481839,11.2876027726453
38.6912452697824,5.17533830635347,13.6726634970933,10.7494026509749,10.1630880475288
9.72129430138196,4.05145978879933,19.9442881121646,-16.0152070415344,0.894494020436908
0.560296239926919,-8.11082506392128,6.97619312337858,-2.8023614351631,6.27028843286296
-15.8958453068977,-14.4619324935737,-12.2101236538522,8.68155292256121,2.37232220922757
-28.5523269159378,0.562930534552728,-3.51738231362442,-22.5902706630532,-3.10394876615018
-34.2799945859081,-9.48834988173783,-18.2177768961678,-3.63741360060407,-1.72794333574963
34.5079212336941,8.22090127299245,20.9490346769147,2.58212096142486,2.72361923028643
-19.7820835463758,-16.0684255908385,8.53828931437337,-17.2199303120926,4.28188202426483
-27.4384512897393,-8.54391027029478,-19.1657421361553,-5.57971811545872,6.91478375706828
-8.40053314093157,-12.4103758617272,5.32936992653538,0.239008207396935,0.0986852309053247
0.00272506068276135,4.84538472207141,-6.88109083026816,15.5689504962462,-11.2082331026066
-16.820748991145,-13.002855495602,-1.88427187853695,-3.23019486272251,3.91199137360231
16.0508905751217,-2.16159322568152,10.2892838873071,3.16991877699901,5.48418437011132
-3.59332057156129,10.0755525897566,-12.7504710556961,3.36223511351882,-3.49424550362741
-11.1782902382303,2.81997744002656,-1.12780974108767,-5.1726059128204,-4.69411389668795
20.0009069924367,-5.67014905918892,5.46974099958463,8.89859182352596,10.7373543713075
-39.5363406381168,-16.796264886173,-4.41909067320013,10.2443484345223,-29.5815680619511
-31.5701920439549,-2.73508395418303,-12.0561535968971,-4.28522939257067,-9.64331184773595
-11.3696060187216,-7.04429800806965,-5.3361788142836,-7.61183570321634,9.79224196846359
-10.0153939164566,-18.1430106350485,3.82921187632143,5.99807293996053,0.022139765385598
2.76122550278601,4.74550621990922,6.59828926761865,2.08421287449464,-10.6294479801193
-9.5623793248517,7.76362577541026,-7.38732775198903,-5.44289307710204,-2.56192200099326
17.0971172198431,12.2860191256753,5.15373605482835,3.8735389511513,-3.03480926833144
16.8287498067208,0.732042555799695,1.11545342200321,4.32032493743312,13.2994116378563
-17.3744339315545,-14.4777048544476,-0.683407154810681,2.65386600939033,-5.06820941823158
-1.31226780262097,-8.2768388341743,-6.86691115284285,11.2932712207359,3.35334368491245
29.7075930015174,6.74727889150385,1.76674635300977,14.3048676052101,6.45643428275618
5.404081964124,-12.4030626159237,-3.48097990420456,11.1875095993844,10.0925599877766
16.2289559786077,-0.112462076913324,1.13941534895644,1.00445336210119,15.4253225852933
-30.1155896229,2.26177357270627,3.58675099717049,-22.7418828593849,-11.2921656294746
34.0730190937801,4.26558838487734,9.58072791479309,3.75270459194604,17.1603769439746
-3.29822808420645,3.39598177217949,9.05377901029932,-6.32420574606666,-8.88746902221238
-16.7852339023279,3.91274771139912,-26.4663892701306,1.13905007432725,6.61955215104805
-66.855235637018,-12.3357511933829,-31.5339370020677,-5.15568056172354,-19.2485692455189
-19.0349710932114,5.50298968630162,-7.7962857709888,4.14087362418024,-16.8587701256779
54.0373892574647,-1.19318768305444,29.2608791114826,11.4357524861762,15.355791769999
12.5960146312152,-1.70044799113157,10.8085850644659,1.12647936644626,3.48830055469892
-12.7749487723304,-18.8760529451181,-0.312587443448817,-1.2115032353858,8.51831842161396
-19.9547265826092,-3.55181546871442,-6.12623821392108,-1.01121978921743,-7.63803061533984
-18.061495129438,-2.98064609677781,-9.03640923101111,-11.0431004117762,4.86027440997204
-1.79981311386556,9.83659490737835,4.86831937380687,-18.7842180313404,4.67036837553496
-42.3949865120428,-13.4998836316396,-4.22341709902643,-0.459641262920374,-22.9804283854587
-16.7424898548148,-13.8800370348323,5.38815965757818,6.93266573412568,-12.1177516065546
-29.4750699298721,-16.0592822906756,1.83228217494821,-4.57976753013067,-8.9148554571782
18.860862563039,-2.25619283213366,8.28881049550369,5.48159144905528,10.323002663078
-9.59009222854226,0.368217827376227,-7.77044541910564,-7.08980835459923,6.76279232646689
-19.4287265859661,-19.2288506859607,-9.28290821708599,-6.78398165461364,16.8116300505331
17.3167584223965,9.25944496776733,5.40360549614163,-7.53578325747723,9.80054633773604
16.1363191512558,26.8767060005361,-10.1941468190675,9.86100966126525,-10.0266246215833
-11.6166407416627,-3.39515279834574,15.4149922688456,-8.67147375908575,-13.049720509921
3.97408657392941,-2.03067959912776,2.9705214735281,-8.49844935387328,10.8562876459208
-26.3241663518888,-3.20803434998347,-4.86014350025846,-7.23496236943,-10.749342993872
-18.3810843295823,-18.0151789576679,3.1487619902258,-0.163400008010326,-1.42899124656129
-67.4142163379136,-6.01637819449283,-24.788103281606,-19.3133490793055,-15.5292049134592
6.82019978950135,24.3348337641513,7.01586897724129,-10.1808557436693,-14.1491822961603
-17.3802742456848,-11.7077318429818,1.77058703402043,-11.6309345392298,4.65542879438584
42.9022113712466,12.0101323200889,2.97111553572814,11.3017237542746,18.6051325759985
-33.3064938853355,-14.4083287429848,-16.4868815410405,15.2135878110558,-16.8478176814377
2.23663134782611,11.2779926157492,-0.864857142821993,-8.98183183199611,2.55013778520633
-15.0107744305321,2.5432447805101,1.32611422522225,-10.084859496652,-8.03836048519423
12.4024330019901,-6.03403774336908,2.64915582920368,17.6004866047998,-1.51509245713392
-16.0533502308048,-0.546560042133101,-8.11459961267571,-16.3765640954095,9.39549532327949
5.19519467947188,-2.36154201468935,-5.53797925882221,2.07380706563775,11.4869704622432
-0.310313961132853,-13.380668113692,-4.29824631593478,14.4825700085047,4.47227507829838
-0.865404494148932,13.0908482793511,13.6411417467373,-7.16568898294144,-18.9266484033316
4.9874790720742,3.72126886443628,1.8191408944271,13.3339589159177,-14.1155628559258
17.3422383349624,13.9855744321594,-1.21138317415876,-2.63742795607582,7.8745843300434
32.1133815551514,13.1970476742804,20.6044767405745,0.407488148247636,-1.10263875367926
-6.93414679876043,-0.710854714781663,-4.71446220379555,6.70106284457469,-6.80617290700234
7.33280909391141,1.86798164991921,-3.59584616798503,3.18346845502262,7.9077699662966
4.53176286500392,-0.333626365076378,1.64382747959404,5.61669629793083,-1.20812971799574
-28.2663560142404,-1.87516416633886,-10.3101815641379,-11.0736207306509,-4.01921768979637
5.49045836090637,7.28178115503934,7.25222907971855,-6.92708496485579,-1.98664746360481
-3.59775114225968,-5.18684778266422,2.20011920895539,15.003557033773,-12.9751007557468
-11.6408558042714,6.89804005767801,-11.0733748099023,-3.47264644635322,-3.88187677120083
47.5945024373556,12.0574361476996,1.43414157667431,25.3652985510173,10.8988567520425
-27.9428647649175,-10.1647499558158,-8.6741627652833,-9.83760284989173,0.890773000235507
-13.3290535700448,-3.20129157717345,-4.50830795184409,-7.27093986735747,2.91025826920067
-2.52822749238161,-6.50623813728074,5.27495845557944,11.0802517106205,-9.41185482143465
65.1341811193606,15.7816543205378,4.61133086201417,21.415639527756,24.7351801128195
10.8834544463553,7.2451421043855,0.431519434549918,2.87038159596654,1.17957956646321
1.96682172765849,-2.22582642229434,-0.211883362297501,9.37176566718133,-3.92054751625595
-28.4705601988376,-1.21485157943786,-3.77568818105655,-1.01336728151438,-21.3563811122513
4.72879561916571,8.38749693451911,-12.3381299958174,2.44159846054243,6.10144328162087
0.872489268943445,4.66973737795852,8.2722044178984,-10.7937252029852,-1.81967081360385
12.8442304894584,3.79590472346981,-6.21020701649489,-1.16877946044438,15.0532307382002
-4.47102026576858,11.4822187951446,2.49328156630091,-2.17941232658646,-12.2562030457343
20.4775090325945,10.5854646420973,12.9872980818124,1.93275648361026,-5.39329803225438
4.94364880253699,-14.0103076497032,8.97003696647113,-7.7731641309748,18.6362076466352
3.3500809405682,9.55863549671128,-4.2396323311689,11.5082771930253,-11.5988182573519
-11.710327833851,12.8041914141651,-5.9633777164763,-15.7544648373717,-2.58378527581301
-22.0171584596187,-2.47524407485691,-12.7255481492796,-2.91626745901066,-3.08057627902008
-45.5470074643949,-13.2908943956174,-8.40185595317951,-18.4442369026951,-3.61702142487462
4.48952791645032,-5.2426645930094,17.4431268353879,-11.3784526773763,5.03042850933434
-1.32573463560614,2.63779147625355,-10.3999404568498,-2.76865125344686,10.382162312313
-10.1251965462466,-6.97852264055772,-7.18769607232134,9.13205445650823,-3.30002048131302
6.34794712745112,8.98376991086667,4.62621398480478,-0.727915282329815,-5.99430377165996
-5.37669940629488,-0.518829730376332,3.61503362313105,6.43467883190818,-13.2835058797485
-10.7108597449218,-8.44211742384726,-3.10834082943883,-1.45290753205202,3.14293611629832
7.37269235757577,3.68132352560275,-13.141144435806,9.08459129247355,8.76079510574513
-20.9498413398538,-24.7657087910796,3.21483331749712,13.4910554041276,-9.85426027867285
-9.50469435902534,-0.137105533037246,-5.62965752814515,-4.1008046180681,2.98427979354639
38.2354881709785,15.6179364722364,18.0118117950022,-6.829444132159,11.5599060833801
-14.1299596821841,-4.23185570419388,-6.42515185908144,2.14859851132243,-3.29938780772643
-8.37132863160033,-12.7062617035288,6.22483149858253,13.6342197083915,-14.1267187003548
-9.76149802900795,-14.1749707474333,4.41780409711544,9.23805985127226,-6.45693594516065
-9.27295815948934,-8.21652561033276,-0.846623387402678,-1.46044205860552,2.88387934714244
0.277358310377982,-4.28340495312323,-0.419128870225691,-1.61626950809301,8.08783655918573
0.850559777835903,-5.6337053340512,11.6471244734387,-3.19778728584268,-1.61368581672428
-2.87551290360518,-10.330723308431,4.69584417695453,-1.08103547915187,3.39194959983467
6.35060486897582,4.94282554544385,4.14317763331927,-10.1410603256222,8.09631342541786
-6.673410017213,-2.67107010140376,-3.20003340965586,-0.880161519855448,0.65538501849157
12.6750553758423,-4.59077309287209,6.51098523675612,8.39029824792937,2.91935414824048
23.2589474184125,11.4881127664234,9.41810695820627,-13.9400283653972,17.0350219073998
-33.8882843240861,-5.06171983965829,7.26730384032153,-13.1616121204904,-22.7986664886446
-13.109443887864,1.32552534863059,-10.3986501444499,2.27706832504961,-4.80176254142871
0.89004814659124,-1.23867939686927,2.10207557728855,4.60398356345165,-3.60732657026935
6.30624972105955,-7.30485610417122,7.67305152008114,0.639888644743604,6.77112438287852
29.1555406590533,-0.534910906241234,15.6190735079574,-3.25846136178991,18.4266178947051
22.5466438213255,-1.82258737778525,10.8950966122037,23.6225261711604,-10.1079370745894
12.2474652569614,-3.769145172507,11.3805685884325,-4.91365203171557,10.1272067646627
-47.4195397552047,-7.30573900572527,-0.0204023180829733,-24.2439850668151,-15.3714909790973
23.0245468887615,5.40146226787714,4.8461067555139,9.22877420038791,5.03216253427748
-2.77346373457521,-4.1885569799442,-5.66388125389314,-8.11805429439546,14.2909830893567
10.9595079812545,1.02157691087061,-7.74580659434011,-14.6203512453334,33.3723836574228
11.2310368655564,8.33273338189467,-23.8973391906597,20.0175228199857,7.33635822442966
-20.3764206816171,-16.6703252451727,-0.0259107327649574,-3.32183703006249,0.628735287199898
-12.9128491062392,8.73140423947646,0.67272226817488,-16.3533154181218,-5.19716312102555
-44.0473449768014,-13.3859477089148,-0.80490164189943,-27.46369769532,-0.720956197006113
4.11730450384347,-12.060498015571,0.448249585062116,19.5780529820769,-0.312777986014085
-26.8147796789493,-11.7127157501799,-11.4088081477682,2.3647313447841,-4.25137443223029
0.0916035238975932,-5.70044843379921,-8.01681380651035,7.20392228843975,7.22238047079507
1.20457881203246,-10.5809284063924,20.9500180760498,-14.5758219809131,7.49285405975958
-2.85428203725469,7.16518183883448,5.04343109584462,-1.77149187495601,-11.8581163196864
-9.88617650055242,2.57364034938682,-1.83217184017642,3.23390480737063,-11.6851705046215
-18.960157561884,1.77064272719631,-10.4383452908039,2.86848194421303,-13.8921563727763
-17.7353081391464,0.0254464080491462,-21.7681954967829,-4.92268128251427,10.7972742082314
20.9735190815917,14.2809015678013,15.1555697720632,-6.89684161765484,0.305022869789492
-31.0119442933851,-11.2824140105357,3.56129456466845,-15.7826487215529,-6.99976865147823
-7.37279291641931,-8.51783355958009,-3.97374261730093,12.8080917265063,-6.73073904057407
-10.2560571098962,10.0975249904987,-8.6701963538262,-7.37522002175038,-2.28111155403711
-2.58432160173746,10.2977043241046,-18.4171637992458,2.9022316981403,4.06843026481276
16.8300975133797,15.6272898205351,4.24557110463189,10.1227080302467,-12.0418619092468
8.02691180216147,-0.665666668435354,10.7210680308741,9.86794940529195,-9.29274218767435
13.5417786521121,9.45243061990621,7.73780053968829,3.84785480798973,-8.51632438225235
29.2954258964631,-7.964653632991,11.1375238577874,9.59829748063343,17.4217151026852
2.79367912004074,22.7851493064872,-2.60382673894272,-8.69725929665842,-8.43732475125665
-4.86432592723415,3.41398804953048,-9.75963642201209,9.39678816783595,-9.31978244330035
-21.1044292057683,-17.4838607925931,-0.157591968475534,6.49913448825227,-8.27866767830132
-43.583495791022,-14.8855553035527,-7.26924994580817,-8.96062735844184,-10.3983271413445
37.753656161075,28.5761215509106,13.2853661691629,-4.37054167472765,2.44412395523276
31.438662334503,14.3859934902449,1.87845416946018,9.78069353395622,7.3967310772074
-3.03200574036628,-18.6015694194357,7.56527020754311,-23.1385613440535,31.9858941931814
7.00942440225466,0.653721022932288,5.22880761351856,2.01597380760554,0.065787567493577
11.2885840709192,3.66255757170622,12.552597987605,1.40979269724445,-6.94087563912546
11.227205758858,17.3061515141855,-1.85994856152369,-6.6141362408112,3.3546761109254
1.14315445275022,-0.591763448412029,8.38256777462639,-7.19063990814263,3.94190379864051
-22.5487217684038,4.16183988787132,-11.9712804051257,-5.54125437929705,-7.92947347756421
-27.9250287198142,-22.1942204616419,8.18233438815737,-6.21534078802814,-6.32760881156144
-15.2471006104816,-12.0409774842668,0.833022029261603,5.0084652893466,-8.41573518261141
0.473903047566288,1.96734686690379,2.41479032544087,7.27582252665058,-10.4234250799996
19.5363616383135,16.0914072107299,-2.53060278528613,2.00662755614769,4.97960522503484
-11.4186642833202,-4.57407305465782,0.925313447621835,0.125507416604179,-5.49264546214128
-36.0663092556227,-4.5874990035514,-10.7607315715823,-9.54158463651294,-9.38348857592896
-7.02168701435326,14.7916651408514,5.13451752735091,-5.22558327655556,-20.0775875587529
-1.0165268315436,0.267812686962012,-9.75851604971249,12.1058767572198,-0.626905850082755
-23.4201419901175,4.79273996317684,9.55249580234248,-17.307244673223,-18.7641727683923
29.7959346871458,17.264965849277,5.48019173389897,18.4336863020099,-11.7831857188079
22.0124429848424,8.30853544322738,4.66327535511162,8.3765764661316,4.20632274931243
-10.4027294612397,-4.89892756635138,-1.78328808028319,5.98495184808259,-9.44307150675422
15.4709371532779,-0.744575509876865,-2.98355428009409,-4.28422495911702,24.2685365929799
-19.6862090404751,-16.8265906342421,-1.43780645967277,1.3465981963721,-1.84033808516773
32.0936480571508,7.55118866614024,5.86010030404177,4.20600307589082,15.697524447289
-25.4199151874891,-25.3476041075375,9.14467929665081,-3.89692988713121,-3.90160038492856
-26.8611935195241,-16.9668441662769,-9.63587674298261,-1.84193345414519,2.69660671312864
-7.5851549514582,-7.09717907364303,-4.40302420325719,-1.5016098194903,7.68714858114291
16.6930363746751,8.94173471807689,7.68820249102778,-8.80810759436224,9.57134689553241
1.95292214412434,12.5230491396227,2.1788775211271,1.76314594506693,-12.8732815108405
-12.7775047910058,5.82635287544512,-11.3790794840901,1.78661381691971,-8.14479654330671
18.5972538709749,-0.0607829597048211,-0.73146715847003,28.2530437262558,-7.59035830348156
-52.6547194559771,-9.44903632200877,-10.0769806477872,-22.8267178171802,-8.80188615939672
-27.606669094023,-4.94981602662271,-17.9643932039067,-10.2064069506464,8.81562883563436
-14.4569110472804,-14.4916150499784,-0.890639255477752,-5.42610133511672,7.46261125720603
8.67825276002953,-0.46354084679462,7.19875192613468,5.11752877974664,-1.35168984857164
13.4383801253962,1.26934997976844,-5.26111395215503,13.4502787132465,3.94501675750098
-3.6247045262639,10.7294841321058,0.385100605971131,-9.02520575781742,-5.26767417642262
32.1895286380768,15.1199448149608,-3.12311653681137,10.5009622059303,10.2137911970033
-25.6208168682698,-12.5530667287656,9.23977347174107,-20.9117529534723,-0.493742805866008
24.5530060805007,19.7415147237181,1.91839435520428,-0.474728283355136,5.78225592995035
22.7031193101589,-13.0852591740373,-1.33920635381796,11.598663238588,25.5631012888565
34.6356488287269,29.1441005819992,2.96874862583622,-8.84041891116137,10.2948021881915
-13.1171150293273,-15.9352105805375,14.6786577645298,-10.7563349948156,-2.39325072300587
-12.5924631443332,15.3730499125983,-4.23465335043283,-23.4843637040906,1.99497028228118
9.24102515484264,16.9861244348203,0.325474086368047,-8.28341538097608,0.733766259808693
3.74844962471886,12.2742029556991,1.9973057002178,1.62003734449582,-10.7703550547292
-35.9123709823924,-8.10902045150501,-3.98729771294164,-2.49154470352023,-22.7215489206285
14.8729171754033,7.30196874431972,13.6687066592479,-1.95008323029962,-3.92092589514336
31.9764695729202,-8.30012572030703,28.1112451481896,6.7931294298555,5.96424235822061
19.920106606333,14.5770536029594,-6.63497982554354,-5.24341006300452,18.699922513655
29.3270123151143,1.46235807163894,-4.68245355252413,6.86779077402128,27.4131636298432
11.6476997911432,-8.35548941114605,-5.93649663400968,21.0142438943013,5.29789683261705
2.99221337092083,14.7366525978135,-2.78903699760771,-2.43213080298321,-4.99729123938717
23.3999536682606,3.77280613693928,6.82801393190358,1.92807470440425,11.9129408923528
-14.1799837313082,10.0241310911863,-10.4238551321623,-6.82959525491893,-6.00486012633066
-22.4738476590671,3.0467544559551,-0.0517781122239334,-12.3501735296811,-12.750134822032
24.6331084229153,10.696771572456,9.08206237757735,5.36924904629904,0.186432844003443
3.3441742670802,-3.29784111868164,5.6056184190051,-6.60080453362265,8.81325297487644
-4.70428439792072,3.6379089580001,14.5364454136845,-13.2972797611101,-7.94010925185348
-9.88471079692871,-8.31774113147513,-1.88199481488612,-6.38130848757525,8.03355032425865
2.72221821281295,15.1126059437049,-9.72105824673156,-1.57075629058578,1.3232058192833
0.689765370646833,-14.865930236262,12.251994822126,1.66225982762078,1.07400465171229
-7.47276071307325,4.63725808475295,-18.341931763295,1.77618344809199,3.57852567744662
5.88049088146327,26.9108582466606,0.152295760294779,-8.58297400393294,-11.2471458629032
10.226444953894,7.05995674526581,-7.5273978004994,-0.723754975574923,12.5204840062557
-14.1839095357448,4.38494800077384,-15.2405626493364,-2.50488852387013,1.17786408927241
-4.47976295731977,2.80778797100112,-18.2972770303049,8.06354112118111,3.98632042326722
19.4701241259594,-11.0788985281927,21.1113626862114,8.1839360249449,1.3061216898263
-10.8201361553279,-8.73241686663694,7.16956558127502,-5.35496940057287,-2.33748684123541
2.50932932039791,3.39415152882724,-5.27132002994498,-3.40742401505949,7.90937473915275
5.86417622278087,13.405249364358,1.18562374313151,5.82351304350604,-11.0838348893653
-15.4329558580429,-2.99871151080754,9.37950081569103,-11.9546955388499,-9.9795983672237
-7.88662310596957,-4.56876085536078,6.80697256114038,-1.2480228825679,-7.46246283320429
-15.2890513572836,2.59649658199353,-16.2795106925812,4.58621989099009,-3.86911342433615
-14.195741386128,-6.74789842969301,-3.94537979892255,-11.4187144497791,8.8350048957872
26.9183388671857,9.3246792567768,14.3723740141264,0.926295084467575,3.10163602300454
8.72395146744823,5.85655898074323,14.8429784849341,5.9158653473893,-17.2716186219685
0.360457560498679,-0.945771318341932,0.312514675648569,-0.291937958576055,2.39772481045147
0.278060163353753,10.0986429479492,-0.404421544273189,-0.440229704025098,-7.84812732754955
5.89462940287334,1.28273777088607,-1.65126400010298,12.3630493217519,-2.98256888884946
-19.826501569932,-33.1034025658204,11.2406180222195,4.45762600006932,-0.999775212165785
44.0858311912905,3.00782743765906,27.0218443624839,2.41222573588443,10.9713950061875
-15.302224682111,-7.53393150370667,-20.2564034818949,7.8305021380985,5.04995336618493
2.30309456314305,6.36567275081543,-3.22500204206858,5.66118212127274,-6.50267851535852
-2.48223791384913,10.9277474964947,-0.324814658942715,-13.621176646034,1.50367270697487
-8.45991439503164,-5.69429984996509,3.57661524844907,-0.216956755364063,-4.55436316081886
19.90343785667,-5.3531055830406,11.4230753156294,18.2392856093728,-3.87644146048813
-28.2210784784464,-4.25072247770593,-4.81118668243389,-3.62447317074779,-13.0407772234994
5.05788211146369,-10.587490865918,7.02751737398578,8.78012511253628,-0.396929819961812
11.6562944554934,7.81442735422295,9.13384529045736,-4.98954098563256,1.38198514967722
-5.94209493444284,-8.98256622604468,7.81792579658679,-5.19952291060896,2.56117514360425
-26.3403961645817,-9.16811687890079,-6.60586405609549,-10.4214709126355,0.60186162899771
27.6434924685147,-0.393808015816575,5.74135598677456,14.295694558609,8.64694487915946
-20.1780673835438,7.76184494701156,-14.8906527133778,-15.4713108209354,2.98125344908469
-11.2941469858728,-3.52393555983355,7.26272818644593,9.11576365643322,-22.2773928161256
7.26865513819734,-10.4670446050207,3.8668988234274,-6.67260381180366,20.1614658684193
-4.34329414323843,2.24479820731559,1.9223253891271,10.4001715648945,-19.1878882254137
-12.4831899814304,0.158093238712087,9.4084138557343,-22.4195650250658,1.13416995283252
-0.254574173458238,0.43773082691394,-9.29885121173676,9.26911458212385,1.23055897974265
-8.20101775884424,-5.10223286230369,-8.00035887184397,-3.68157048809988,9.55459639743783
-31.7249289987562,-15.4926416689808,-1.49585462962555,-5.57560525448364,-8.0184883996283
17.5442059720579,-7.84027667403702,13.4758428082929,-5.47031667979157,19.3021580717706
-22.021518722602,-5.49429037659785,-6.52601290421838,-10.0886308639239,0.324620458965743
31.3459054256994,12.5317330044028,11.5472750259129,0.786374194627291,7.55249868972385
27.3059615310805,15.6013548535515,8.29812655176328,-3.22859017394513,6.65878681577709
22.1544831048307,13.9033149810135,-1.09466830411807,-10.9546663301484,21.2718674309248
-24.3528455800782,-3.01741009273026,-21.7889475222562,-11.0515050137197,11.7277449501058
21.6160205345181,2.28651663657202,-2.15407431124337,12.3042020075681,11.6482643181838
-5.72768351675684,5.42720194146451,4.38331691743615,-4.93678854595432,-6.99097743008169
3.27074821175945,16.750904736106,-1.21042866303422,-9.51721714757157,-0.972719667310477
-7.42307915789131,11.5440777109427,-3.59893001060053,-2.36262372816671,-12.9758820907417
-13.199573498337,7.41656193970038,-16.9166610378167,11.2102680457821,-15.0060927132879
-16.8446453985731,-1.82483392798817,-19.3519977836422,-5.2224355753898,10.4925891617497
4.08619303196607,11.6008595546128,-15.5239503142621,20.9481204757827,-10.324200341339
22.2872531208575,2.8778879956152,0.745450704369904,-4.93262823325881,24.1426491132622
-0.600930589234968,-7.04466195137359,0.559123966000063,1.78165362154294,4.64372321988282
55.9951833487748,19.8092566481665,22.228828856843,9.47521087164202,4.7513096227727
-0.22164552786665,9.19419555034482,2.06886676149446,-0.669019769726797,-9.00739505709812
-4.64057264062416,-1.22208723402693,-11.6950723880738,-0.135026300043565,9.72231350223177
-13.1469746523034,14.4515248816759,-8.62531096101052,-5.56641053966334,-12.3670127833435
-7.30246194075637,-13.5694262118663,8.66181804605965,0.660784573241691,-3.34501675519022
9.72093445645993,-6.05615833823086,9.80850586033272,-1.01987094355124,8.76872441650179
-1.05591987272503,-6.31177920977809,-5.5206318455112,13.5364863223931,-4.22920214057659
-9.87023165809845,-0.086170329265303,-9.45841671746989,3.27082383134164,-1.44063061637104
-26.4086230055715,-6.59490712268494,-10.621474740272,-17.4882419824027,9.32870759098025
25.2302216407071,-16.2171974093823,13.2276347614762,10.2300693340967,19.2638967241382
-21.2530426833067,1.71352891850734,-4.17860649560013,-10.2745544960528,-6.59308749622325
-53.9902649553076,-17.9722066972672,-7.4865044091861,-8.47122306398179,-16.4777184131788
-34.467799175346,-6.58198260900027,-11.840882269356,-26.3549296956958,11.7528243704409
1.96455797052263,0.146646838766894,-5.3443431201061,11.5746283843005,-4.49211561163052
-18.9064706487295,1.41723831946102,-21.2461862213488,10.406690470063,-8.18019037971431
14.8433348930605,-11.8121936407322,17.8958981469704,10.7784027569551,-2.22627117730192
32.3083105416813,24.0791880251387,10.4730587072746,1.6649620330098,-4.26714161593496
-31.9874976739216,-20.9309586470903,4.27769224954017,-1.63974031026694,-12.8476067092709
-4.84744743044708,-11.7956672337034,10.6133426272853,-5.55321655834648,4.63660155746394
-18.651570396786,-3.14234587546368,9.83749232959553,-10.0743689125668,-12.2163749848339
-28.6991362917041,-9.5276866347284,3.25270587572054,-7.93169255631972,-12.0014130604235
-7.5193141001265,3.92829083160383,0.0622665709527066,-3.00179665782203,-7.14846015073771
-15.0927382494167,-20.8040047984746,30.7002505671336,-2.98962457712597,-21.1179548229756
3.07990354739126,6.22873112656352,1.83648736999134,-0.69844502012698,-3.19864247092839
14.6928484449064,0.197124036510245,1.10935035290121,-5.60060205623671,20.8784480576226
13.1779092526122,12.1230735267661,14.103454512566,-5.21203194979238,-6.06838230279207
10.8245646326248,-5.5879787351155,-1.67779408403498,7.96081540799491,12.4498523488631
-7.0952254872546,11.7893802204452,0.430051407079049,-11.6504221252831,-8.91491157188869
-1.48243934074884,14.4685209031307,8.16498529412321,-13.3952792495615,-8.52163893954557
7.25475717502247,-9.42049675430486,8.89538171911419,2.44000463180626,5.54221617471026
12.7263552390336,-5.19014331864459,9.5636121696867,5.32586240277615,4.44679043446422
-4.67333760134945,-2.78873906176253,1.45232543522839,-2.59319455131738,0.475843009057762
8.95586654067801,-20.3936700207688,6.18607565416306,18.8275094881174,4.54009832942199
-5.1576586902644,-5.78931577061189,8.4499268575364,2.2501378514325,-8.7480004915751
-11.4401866237227,5.37684327123622,-5.51652669262705,-7.06873566200751,-3.78000978561822
24.3428969035572,18.5497019046931,-3.49791191864236,14.2486387069275,-4.38326063242601
-2.7459416498823,2.39404323314783,21.8369008402487,-13.1806467216792,-12.1760009647054
-17.2267956941509,-2.69899507506786,9.02243863286101,-18.9032815850321,-3.3980622503905
24.2109733283276,8.94395754596309,7.47511264952267,1.1806456972944,8.92706165201282
-7.61988077776339,-8.38616810846996,-7.43464692315109,7.18071340313188,1.74356743017026
-15.15817460614,0.746556990587761,7.18373018557366,-5.66107765111264,-16.2672053599294
14.8735969236505,14.3874271744336,-1.2799107980238,9.92009719141867,-5.64252233581278
-25.7010848444873,-3.11361123735321,-0.149836865628279,-13.5305735687823,-7.86085981947774
-20.6136674173955,-2.2749893801218,-15.641327427356,-16.2361201414343,15.7321664811868
25.9610382643981,4.43732403731907,-4.07583144096635,11.8328053526465,13.0373772682046
-24.3440700110573,0.152517504680581,-13.177126479144,6.06730632364294,-17.7538764330473
-9.76606353902329,1.7162346680641,6.29506521312562,-4.14167012246672,-12.7005702910312
15.4040745978553,1.10797320315797,-21.3876024650038,30.7888853031337,5.5874744147628
-1.04138145737646,-9.45611844877366,18.1522679349208,-11.0112742881577,1.69019143428904
-8.82000684799252,-7.83945633864934,-13.9130748405131,2.06449861879273,12.6246813718423
-27.1793829390687,5.16899731835539,-15.4115486948841,-6.13096134412689,-7.65720783013002
10.8342373824397,-1.98248891137255,-3.8405909651857,12.6072253039278,5.03931351551976
-21.1416104561122,-6.08618092690621,-2.34520063819181,-9.65205695582729,-1.44662051720164
16.3710412506117,-4.07664588377386,2.1174116981437,-1.91804508346526,21.8214457262249
-63.1304035871267,-6.81243806522921,-13.3119035472739,-18.5943789254995,-23.5738270438682
-20.532429564775,8.41315525688533,-9.39350742944411,1.95783962404203,-19.6692848811794
47.9943504970284,-4.15621573712589,30.7742736889864,14.0687459492732,8.1004673788625
-2.73523697651639,0.867001846145174,-1.22232007084514,6.36775155902901,-6.59609129315926
22.5335992588247,3.32234418937323,-0.237170247989116,10.2672200939936,10.3564570184367
7.01818050713851,-6.70531962365826,-0.864847542460523,-2.62552120425804,18.1632804918891
9.61185474773214,-9.86913162997563,-0.919538175624416,12.804850829595,7.78441775303119
-6.39584027797682,-16.6917212580849,3.76378754564872,7.80564833979171,1.60617167301176
-6.23375841042667,14.1217212443452,4.85804165017534,-20.0304012989473,-5.75716268095241
-28.6911559147843,-28.5737563325505,15.87513269715,6.65407001458609,-20.9067000349515
4.61631713337702,-7.91259350982012,-11.6576843892398,18.7213277740586,6.52391977588252
-6.15185438346279,-8.84614427651999,0.00051229473908161,7.69778645542911,-5.48875702699296
-43.902381493148,-21.7940298332268,-11.6589153737838,-11.4420011573645,1.05476485108895
-23.7640887481213,-5.23210562471372,-9.50818446987084,-12.7726047696874,3.35337325832813
-6.09627629276808,-9.40208285393643,13.6183592269963,-6.02430754884643,-2.57973950820197
17.6716051368507,10.3613430170501,0.19346689967286,-16.3951372741528,24.5856766765001
7.24159498753184,-12.1992468080549,19.1430848891846,8.48672356365139,-7.72357997202639
-5.34985588982877,2.88067772216489,-9.42764449458948,4.10668605586658,-0.97330091802758
2.87961150682301,1.70879258996415,-7.54195801831545,6.84634891503174,2.36400935715157
-17.54058994981,10.7290684926569,-3.35914966016439,-3.33133763612511,-20.8033691832931
8.05312695454121,-1.90869889748024,-7.33320676163625,6.41395696618738,12.1651236185661
-29.6770979812804,-23.5759756889638,-5.81784403661062,-4.02603573211955,5.39852259216161
35.0152638484651,5.13650585473438,27.0261712165397,-3.02423996179691,8.30896637439981
13.5400339488052,21.5631838650719,1.02823724336785,-8.01976769395831,-0.936522553930437
-7.38380670141642,6.60546158295129,2.5066119717429,-2.90497391151352,-13.3254199949124
11.3046661194476,-7.23355823857414,3.92917976311092,-1.37048509888268,16.4312639326728
-25.4612787695466,1.25747631892893,-15.6489824726504,-8.14932685873112,-1.86401341276256
-2.97696767073065,-3.98141223434544,1.44201651140079,-3.45291456027243,2.01802785150642
-11.5826702235366,-5.90735181043268,8.65928760892822,-2.84277446543326,-9.17051563809648
-15.4056786977595,-9.29601360212919,8.20249817200246,-13.6803357368867,0.0448367128719832
-19.0265452757002,-10.890049205778,8.42936675140202,-8.73530957651889,-5.82713339135591
6.88424263663976,19.1090274061012,-1.04788473630668,-3.54156385500515,-6.31086244683928
-24.6300409700245,-1.84053980555815,-13.5860251198953,-1.57919684501163,-7.13739177452368
-29.3059445631285,-1.30644775297211,-2.34742339098164,-9.76100076121652,-14.150078340281
24.1623468940428,4.77408445278675,21.8738325152329,-3.34689019329744,0.337918381514896
25.1760874282296,-8.74049761601165,8.77618132287427,21.0262815745371,4.69731715940974
39.4081117752559,10.634963690289,-1.02942586873978,17.4192436405737,12.6305744459641
-12.2070295701737,5.32015772688539,-10.8706479034714,14.5643182391098,-21.9955802050013
7.56590795266838,-12.7465580019162,16.7131001272748,-4.20622287512273,8.3341951570738
-38.796164037766,2.4898911577451,-1.41182687040253,-32.6317994167138,-5.83180739443536
15.2002591103077,2.58198562205191,-0.7933730932653,0.101584010305215,13.1597749829197
-17.6092511110177,-14.4544533082119,7.40543450381905,1.39643316316756,-11.1368177364228
-25.9606169830874,-16.5490972019938,4.73428871928889,-19.0420509452423,5.37027327728621
-10.0338541062708,3.68674786113152,-2.92392751816828,2.87317293313445,-11.8542831990229
-6.06733434975554,-1.29093845289729,1.72147968165448,-16.0819079869016,11.8498686580714
6.8000013260069,0.70243499404519,10.4913294610043,-1.20304726248487,-0.504113239533025
-12.8506447777601,-17.0692512573459,16.5253098207331,-14.6445429331721,2.71768346886353
12.7083306753793,-3.44785024742729,9.57109162109555,5.95509856628683,1.78111550052658
-7.39133808868793,-5.42387174603542,4.55726351752189,-4.11550137836283,-2.50096709820962
12.0125286456242,10.3397718529569,7.22260464152258,-15.6252946542391,11.1792171466255
-9.46225703735237,-8.8188650733793,-11.6227308103572,16.6900413569876,-3.73567924645562
-17.919483665877,-16.6684609563976,3.46955047619678,-7.95528100131749,3.5867372599409
-4.17413659377554,4.24729465863901,-5.51591039523543,-0.086044125981464,-0.737626866438353
-11.9512231764015,-9.38581347251677,-5.47491750837112,8.55110447880749,-4.09631951115776
-41.0268988161266,-14.0192108502128,-15.0747104843511,-10.191947447235,-1.7611333281426
-14.0198347990173,-6.09023882597591,18.2295415018506,-11.2654887106782,-13.8945946897562
4.99919881115708,16.7921947065967,-6.57328185745163,1.11796320991805,-4.65216528242719
-30.7868686790115,-9.88567177223177,-1.01102507230601,-14.3057381684853,-3.05593886126245
-25.3090217612198,-14.3123793420754,-13.3952752423221,1.66805823765711,-0.43803214430561
42.6588938190157,4.66296491745399,13.1678239433427,13.9350266484377,11.6657429697315
38.2709846548879,6.47126894541494,12.2471576800264,20.9943433509922,-0.190501273246024
25.3267760067703,10.6348336947968,8.29167508067023,-8.69798891375373,14.753791967903
18.1272288912802,2.17479437781979,1.21735988451293,10.5005526853343,5.06410424764124
-15.1202167571167,2.48998439166539,7.88098613753835,-14.2851079798561,-8.59352940576861
15.9336002693498,12.7866505949526,4.22903099267276,-1.33214965946029,1.04498736651004
15.5672526836322,-7.10074608517753,9.91220412112325,1.93484418828917,11.7797326470254
14.2181476818767,3.09393380987303,3.52379342887702,-5.58153609214599,13.3981700021289
-4.97669850322077,-15.4581614401303,11.5257772116985,4.16972802676662,-3.7091768923015
-30.0822030018004,-8.89079008597538,-11.4850282902462,-1.77790566684157,-5.33530511851989
-42.1179332827694,-18.9984493278628,-7.23482410463468,-4.77142211781771,-9.15321592707476
-47.6679638085405,-20.7944807909301,-10.0674790804622,-12.0871301791591,-2.71182498801018
19.3176098738288,14.5108680501506,-8.68727865587939,10.3445183572257,2.84974656401424
-3.20297114701245,14.8814796737355,4.14507705841773,-29.6351317054759,8.60619970235355
5.77300035040138,-3.63351974186476,1.99658060227656,2.72219986483842,5.59493566125262
-38.3249937834102,-9.4323436555961,-14.0952882980297,-3.48250475795994,-9.82778583960786
12.117593555915,-8.09667868606472,19.2839463329085,3.66109717289319,-0.849263465701461
-0.150091097835168,1.76234384052778,2.36661622454423,3.58721814585932,-6.45511068344589
-14.4862463665645,1.73831617058772,-8.1680561061257,1.14051765806742,-6.84031882099553
20.6629958218023,-4.26895096413026,10.739485635861,5.34051118341058,9.48579880930651
-20.5170405467078,9.86287583939559,-14.6837671816044,-2.18699057617286,-12.0088338518213
-3.13384747269809,-6.17724717751694,13.8059481052515,-19.7890684699791,9.55353169478162
11.8677702146738,13.0762199236945,-8.88766790197425,10.8245828065016,-1.78032644676438
16.6300309369839,-3.65951841294281,5.79913042800089,8.04482569781898,8.02966819738942
-10.6537226978356,3.79072891709698,5.27353437133383,-3.56678501941309,-14.5024127367109
8.65430818340538,-6.16611103724942,5.92299256139699,11.7093826755916,-1.68062919179126
6.70674208888981,8.54978836788355,-12.106307897766,6.54604456694258,2.88212050734636
-23.1867110501067,3.01714347892963,-2.06975277642672,-5.40570943614171,-18.2237096121026
-36.4733021255877,-7.79011007860948,-5.56154404077575,-10.2447012949041,-10.8264686202886
11.0222778537036,6.44510705065547,-1.9077286093568,4.7399146300494,2.03640141008416
24.8866141024758,-8.40641855084851,-0.374695888135471,10.3131786623105,22.9223148137793
2.72379403120195,-7.08648843100215,-5.70572438095607,4.0119692502856,11.5035953488769
-21.2543248246055,7.76759696557259,-21.4371103000374,0.582094926633221,-7.01892682429144
-26.6777063654727,5.02536651531712,-6.50001934535213,-7.40751400119269,-16.8564163887827
-23.8229563186507,-5.82882814767894,2.84330280993289,-18.2847132523568,-1.17934391484058
25.1126232286211,4.95624394949674,11.1117230048693,14.7791906567097,-3.52490534014739
27.4423268248127,2.64513931662091,9.17628059960958,4.59820690239889,14.0574143528359
3.09603783403359,0.286429969571191,-10.930076258224,4.51376971636147,9.86928672245121
11.4721275210497,12.5024648352049,22.3040139747531,-15.9869994869374,-6.80208112750765
-39.8847571966015,-32.9992288908841,-0.584663600679963,-17.5177526994037,12.5125812187881
9.87885175931788,9.3115401038565,-4.51847375131379,-3.61012592709408,9.16663768396209
0.113563647030412,-0.553398176002319,10.8453576098339,2.66839933434506,-11.8534523241858
-52.6583930583885,-22.5275543849001,-1.79713421815155,1.96835270878873,-28.6751776038171
9.75032536100231,8.40458668079726,-12.7491717694392,4.75970642285158,13.7959770827366
-3.73074717411982,1.08808646015093,2.39184159558591,-5.24524545743463,-1.75521494046319
-9.65833260796009,-10.9525058205247,-0.341095870798692,-11.061296520569,12.3455535038821
4.36007136730789,-5.63012606196692,1.09646619022543,0.87117623683301,8.35724225618994
-13.9063447903439,6.56660539264112,-13.2045336117059,-4.57866672383137,-1.10977963104912
30.6920050951064,12.2858531547799,1.47157385975645,7.83276396303291,9.8671442211863
-12.0063526702382,-11.0746497925359,6.41482168339197,-16.0061170409912,9.87670261984206
9.28393113037532,17.9824273715003,5.42215451942239,-5.9678331602357,-5.903555105181
11.2721889675723,10.9653294848581,4.50269967002956,-14.8465770589969,12.235073631139
-17.452932568029,-6.55281593168482,1.27323518477287,-7.03742069838118,-2.86623219746136
0.188218997059334,3.47795055639764,15.4739335158055,-13.1187455734453,-4.407324281703
-30.3921524164563,-2.55059964438599,6.71161787538421,-24.4722229853342,-6.27927833689715
1.3552160791757,-4.66122033546773,-3.38416738320555,0.77633348280615,9.46099903078527
-17.9476048200532,1.77992774296717,-0.112806952433548,-15.0409330853973,-3.58523204426252
4.22866915242517,1.8432880792853,8.63850102781793,2.18993474336901,-9.01818424216351
-19.8683735934146,-6.62610895146158,1.75944446223067,-9.89350247379583,-6.47139891909682
24.0975286425189,4.96817708790635,0.345327214435566,0.417756763261482,19.713159363055
20.5558735199825,4.19142020517689,7.76799179924225,16.6694544513511,-7.74443076863562
-10.4845988578455,-2.05901971575086,-14.7730531009159,-8.20397911594179,15.2625802880547
-7.74740256970789,1.45992121264193,9.41976121292624,-10.4098369262057,-5.57538915327475
4.35172643008075,10.426663969071,-17.6097766525524,-1.78052448247484,14.5581013732056
-6.53849881998911,-13.2792450853755,18.8622995384361,-1.76748507386111,-8.76717503990274
-34.4339369680292,4.10989806996779,-28.0971577712764,2.82148469716336,-11.9063656458882
-4.97178077109912,8.09652574103434,-6.1427105573893,-1.76308381856666,-5.47388051342097
-18.2742927937096,-18.5044671195279,-0.437350128024519,10.943178313512,-8.57610005085073
-7.46131538936099,-2.96379100213855,-1.59556684084185,2.61487765613795,-5.25898602975168
13.5781395674782,-0.86691149747136,16.3798383491512,-5.36424776800155,5.27039221156803
-1.2948389686872,-16.9248582030448,14.2223363153945,5.61774314699264,-4.10860632173678
-2.37244611351807,-4.73905098095251,-6.27608882509111,-12.1274238102976,22.0406740060016
28.334920871738,0.902230546132738,-2.24839420679391,14.7885823653538,16.6931093963737
30.3639746183188,3.77177584227288,13.1083959017343,8.34423476831809,5.87753406323141
-9.33935995856114,-0.289904019104546,-12.5728949656805,8.67240081524617,-2.85789689298168
-4.23977920802514,0.528279795574494,0.350565758378463,3.45545966798605,-6.48884702477319
29.6883831629509,20.2404176561504,18.0289742838473,9.45183689608714,-16.9398882830614
-3.81421386710803,11.3914336866699,-4.31273171536947,-13.6565077161432,3.80775502201712
-9.60613772007226,-11.6136780817942,-14.3225322672823,15.1555760049944,1.38793006775577
4.41817775763451,0.36726063937437,-2.01638133114358,9.0312803401041,-2.94380098548111
15.7718393523402,2.46134535129513,9.53643006640494,11.1167735942761,-5.64587944611693
1.42535317645911,1.56948109858956,-0.0182087104044827,16.2806147590534,-14.4521719705989
-4.72248408709334,5.34427536579178,-11.203628725078,3.31817822607395,-0.546303050176689
22.0837911833983,1.63098890762345,22.54390444553,-15.5429244585505,12.8911432311669
-9.68045786813628,-5.90250822967297,-12.6670970007086,7.75755496109069,1.55852508296144
20.3839063034778,16.4427397437212,-0.40875738868934,7.14597647628506,-1.01318768462176
-19.0461143128447,-6.07765153263596,9.94349709641217,-13.167444895105,-8.76357845489893
-50.0888692350215,-33.0624226624816,-11.7287833326304,1.01676517157916,-4.11051232025327
1.63656561488913,2.87472299131557,3.52670736253009,-7.13388775910691,4.59196535495666
32.4135974988902,14.0023854982001,9.36668899919069,-9.53066597609435,17.3554387795872
0.40738481639975,-13.3443787045806,9.58230204851642,14.6256241926409,-8.58390189489671
23.7323008020929,4.83629710215519,21.1788573313486,3.43119528683335,-6.15906669345071
-8.62817923470122,9.77148181690733,0.79277622185892,-14.0040407262162,-3.96249799037024
-25.2818638451646,3.25461842347872,-12.8312553934701,-3.98141419001313,-10.8111790153018
-10.7229217832427,2.2241669613665,-7.3668489021261,-17.4594221283222,11.9798753400997
5.14085590253886,16.34962805904,-2.33580538980848,-7.50138066547239,-0.179811293791954
14.6581140453903,2.41841953891723,-11.4427730344061,21.3949803858389,3.37555046541562
29.427103905428,10.430429837602,5.76226180071213,-6.85319896015353,21.7875073828216
-17.5004099019978,4.18582812878861,-16.2112046093565,-5.1864345935541,1.24117312403509
8.2448727356429,5.18988591502562,13.3628481164808,15.8364522346434,-23.7683156909859
-7.87798967898418,1.61748983074653,-13.5607748808955,-0.540869735893525,5.41194187074856
25.2635133444882,10.265046187583,6.86641760373321,-5.17297835272555,14.8825985515835
-23.4310732751181,3.52097155994435,-6.40750207507784,-7.96725577898878,-11.9198278523718
3.594711052906,-3.65915744934869,5.54696334900525,0.416352182340854,3.19341588603809
6.24215449812741,-5.74251435864953,9.92835219405121,2.30334917872179,0.585407224885729
-13.7668616168643,11.4327071063589,-13.8846135757878,-10.262045032473,0.00804612643030835
-40.8426980462022,-15.9481690474909,9.3944608186649,-11.6831954983391,-21.5888328915071
-16.0782481390627,-7.67997258616709,-6.24847093310352,0.423942927214797,-2.05371822999748
19.1695989852609,14.4719720197272,3.83870195625035,8.1233666567029,-6.18157567850691
-5.83360199120958,-8.99080946414695,1.43674574712896,-13.9930945629023,16.7695659410833
-27.9133701264775,-10.9743586848283,-1.83132229295542,-8.93654826614878,-5.95578631932371
1.11228914767215,1.90855074185216,0.00317564530680806,-8.60599846527352,9.1273665745909
53.1005153009396,19.2314221964482,-2.86290744954273,8.37142822508046,28.9116726461272
17.9675425605608,4.38069192883366,6.18583548203679,0.852406023310465,5.77347547719709
-0.274027557104523,-2.0311998362444,-1.89600013457366,7.08378422598505,-2.52132608018227
-9.76822679968789,-5.17228043456543,-2.40950422626204,2.06413292893413,-2.76972465105152
-11.8890236677709,-4.30630045238022,-9.92664403959468,2.90146751691175,-0.404675767469148
51.2880693414385,17.5734104283427,8.26928138242267,2.69592680865837,25.0173213219949
27.4210452300562,11.8289333620469,9.59055747523309,8.12760719458173,-1.99785059604511
27.4374909927854,12.594530327785,5.85083786272242,3.50971093411089,7.2922795832682
-16.7849011546225,-7.61932415253393,-3.89896415384094,-6.6612856096934,2.56747196548616
18.3818725821246,5.34687114650156,0.0479472520716776,11.4770465702894,3.4365875848997
-3.21650639578713,4.68379767639185,-1.81534997739178,-5.02087734709478,-0.272059622930008
9.65375994716007,-1.28172002456743,-0.312297870035798,9.46553924650888,1.78825234305057
-12.6295757802616,-8.95230368283046,1.62827726062506,-2.50361743582103,-2.19571706159355
46.3729669425554,27.2107175515414,-0.418564093297544,11.6158844711799,10.8900603752938
-15.019199617004,6.22625384699989,-21.4996187061072,-3.34619080193906,3.98215240824252
-31.9757098855258,-0.625728432874605,-9.52318280855723,-15.6029306743006,-5.1397610089372
-12.8948077570137,13.2507270065746,-1.05915389636941,-7.36636218835736,-17.8435215191386
41.5898562071999,4.59785544348209,2.90844912698008,10.887028799622,24.8159653736988
-1.12044240004682,0.909835493695403,-3.31938907492057,-9.71101457424158,12.5092858219909
-5.2499604478999,-5.49158485777344,2.80231201272922,-1.2430762257478,0.479887155848417
-4.9119780332297,-2.76111523887802,6.54332572596439,-8.01596875306298,0.712275057104373
-31.7241654300514,-13.5771957674556,-5.93560324478484,-8.97516542895116,-1.82544339325442
23.1360977482566,18.6439858468872,0.989853891283914,6.22821126382797,-1.7166693627577
-6.67361672332219,-7.6295465158471,-2.49981595279684,-5.90476104906624,8.39463165315143
-30.0373255092357,-7.66270634553606,-0.988635913553381,-14.9921574182876,-7.23549565448315
-26.945363266121,-6.32533162030074,-1.55104208954168,1.67489776398836,-20.3314272092808
31.8498242596926,18.6455967528226,9.26416455266484,-0.709050759861422,4.52429810544723
-10.6228962014379,0.702347497262352,-11.9298869107849,-3.16978530049046,3.25665820919941
0.987419401548764,11.2572917041679,-12.0340614068907,-3.93299621891604,6.74494557701959
14.7280989069642,9.76140390301138,2.27869171444963,11.5145453025282,-9.22738215157161
-29.9870350586341,-4.74010540950634,-7.68567643710586,-2.32111449491291,-13.356704644819
4.51695250762307,4.06912743499657,0.60473776159924,-5.99864787822117,7.96211421669171
-16.8749225450747,0.852732780196501,-7.67350795696099,-1.92934582643245,-5.99974024409524
-27.307100282464,-5.846857985963,-4.87397489588492,0.212175239900378,-15.8064930734657
14.9763925216442,-4.56191790562513,12.9112024217903,-5.63834382336704,13.5742432733271
15.038471421917,-11.3592366101963,10.6204159136458,10.4041305754471,4.82071091552573
29.936034228702,3.80996652694519,15.8978358897608,7.76750865808615,3.37600947537159
31.3193158505765,16.3994245578948,18.3106874937094,4.70615519288196,-7.01050177216573
-0.131681194480081,-6.99411260205269,5.4602196595284,-5.58574780614436,7.06132222623934
-4.48751923546539,-2.67392894170064,-0.0374882618509146,-4.54625000662024,5.21676126664068
-7.36145132051455,-16.1995902356742,1.04729914570322,-7.30151485470983,15.6435208366928
2.14082048450045,-3.72550030236453,11.0874578185798,-6.65246994953052,2.63107705554216
-25.1160325359827,7.98283558032788,-14.5570680101225,-13.5348437899738,-4.26772964825912
-36.5463724789157,-16.8700004360153,-10.057871955164,-2.5167737325431,-6.82585119503808
20.2887597604743,2.66518792469399,-3.08592375908757,7.95876829632861,13.4727358000372
14.8723591441623,9.29612555577398,5.58178077014198,-0.603967490234426,1.54031724985266
-20.6239366309066,-3.89725199709399,3.37345740243957,-14.974271464815,-5.04141415212003
-12.3852416487984,-0.29640114754775,-7.24788308820897,5.77198856742,-7.74656957722882
4.60859479984606,1.23002278503482,-7.17614436360697,6.10154409508431,4.25176524400618
-1.46533717118997,8.56111592772135,-15.7773667412342,3.47327310660704,3.15891237166603
-15.0153312739542,-2.03954418378963,-0.346098452741534,-8.25497131896271,-2.2690149393927
-1.99178956602507,2.45572870780653,-10.2315901207311,-1.52160606467985,7.75530718572875
-0.0350529435576414,-5.23280082536528,-5.93379409158953,10.1175346187742,1.3547360081058
1.94182729568589,-7.65504072696992,11.4529804666926,12.8501369429969,-14.2957515646774
33.2237250305433,13.127917926403,5.27188519502597,14.0190018480265,0.79316278528162
4.74263288078784,6.15378700484829,17.8653606818401,-9.04849921887523,-9.93065572094191
-7.15352545521493,2.11264380076929,-6.17490653681459,1.29930638208445,-2.57131800230855
11.5198331258346,1.69348253517991,2.5066063587299,-1.40600999628376,9.4845293625745
17.8250785759703,-4.80095324037273,6.68465750155359,10.5783993799975,8.88075873395777
-15.051267361835,-1.01614472590442,6.40785280945117,-1.79043062081668,-16.5247373851101
-9.84576307465383,4.6319279339053,-12.0160382537635,-5.58070649777078,4.64535471938794
28.3719472783272,8.54737813819381,1.22406814866529,3.63380139039103,15.5681242237314
-10.1344268080461,-14.1132306644756,1.63719461805195,-5.31232822724207,9.91081683078217
-30.4394919408777,-3.35410095157244,-9.05685356535535,-5.16428149008699,-9.9030053376587
-3.08202103416324,0.101720991543052,6.29218126210127,-9.34667514727658,1.05581685956735
7.89170316780722,17.9611946817446,-6.86642662775359,-0.648057962573364,-1.02076171920538
-32.5797754657753,-15.1669716298377,0.583911468047402,-4.94436260986356,-12.1609661990768
27.170873906488,14.1331191178344,3.8531747665008,19.5290555260675,-7.2983703696187
8.9845729675744,2.91594746955646,2.07039537295207,4.50348702362078,0.272424885580482
12.9705006580836,17.7483595478011,0.14614968205389,-4.50648186385237,1.14969997258393
21.2931232892151,-0.785650655028858,4.13466689802762,39.093886638538,-20.0370407220447
1.74994412027461,-7.83865818505039,8.24013266199824,-1.24101740915366,2.50899467141841
11.6064825078582,-8.69960075857858,0.309911033702598,20.1516256411085,2.58999781545504
29.5901266241945,7.2115836297742,8.08629607122248,8.7701444841929,6.43271613343199
4.33270199344559,-2.85538617139617,2.30708909710174,5.80942580817859,1.36442637199769
-8.72503199988727,7.11273565899719,2.4259377511271,-1.77294621942056,-15.0625108741678
-3.23319850894123,-3.80467737386048,10.2254251357688,-11.7522855352859,3.85334402368959
12.3636349199632,-4.52715217673361,16.3844920569656,9.28381387841501,-8.06500813545631
4.77922288539691,-1.53496989468043,10.0403984282035,-5.03680021100167,1.38680050486293
28.3501623280768,12.6921719727029,-2.59039571205156,-1.4800990172963,22.4025346435916
37.1306162684167,14.5734087801782,7.00747297273705,5.67165587604434,11.0360727499376
15.3361368062223,11.1304698325242,-0.377004285008053,9.55472497075646,-3.60429524199999
5.439475491643,1.00575652585967,-14.4666998204933,8.49406449013161,10.6347773531408
-27.2062812055611,-7.24845375435478,-9.87823196792371,2.52751096660313,-11.3183015129644
-20.706866407623,4.90014317965407,-12.7883027529534,-5.22089601721255,-7.87594910257374
18.5239073959871,9.25873128077088,15.0337335224149,-7.92990566244041,3.00622605291053
26.92294847343,10.237734201821,12.791213595575,-1.06969184471856,6.23904686794363
-7.73956468818165,-9.04068549080956,10.0218193442258,-5.15487537571204,-0.799143286005505
-3.50040389853121,-15.607749547373,-1.08079626467675,10.2045641109788,3.25362036375481
10.6109237718572,19.0449907886691,-20.1356970444124,8.76829910674332,2.24927378751108
11.8205629174923,4.86880809898813,2.83531947767052,4.5264152754575,-0.440038791579666
-15.975675840639,3.73832505391122,-7.78465243793182,-11.1928048654603,0.321495451355293
20.5718464461336,8.47591555423569,7.77721898715797,10.1575784896468,-6.04653807890226
-30.3556531267707,-5.03039247217688,1.07968369484055,-8.88911851515901,-14.7854121761745
13.7239136289211,2.77269285591783,1.29710999692225,9.46358363964721,2.12054923780912
-7.66787511366665,8.8208582392798,-0.779450327246488,-6.32122195522512,-8.52685656794332
-15.6798259925364,6.11395801355033,-7.94948506286316,-12.8882361044717,-0.0185459721915036
25.2685227209282,5.74299671302708,11.5184210516821,5.73094464992166,2.22371427256058
16.0036909988636,6.94493372444142,13.1559405440868,2.64786872578386,-5.75716547942666
21.888407201606,21.3851325402429,4.99557250658845,-3.23007195575442,-0.124248944414526
12.209226409371,7.47310962747241,2.83390945097573,10.837360196557,-8.93720019626558
-30.8547425822851,-9.77239405381296,-8.48508655560776,-15.2963829761464,4.40687482917995
-13.4623438488756,-2.95239151413054,7.39486630467938,5.68964181960006,-23.0151013413409
-0.986238255291507,11.4153852800652,3.40778216038893,-12.8435491510261,-2.74017604273232
32.5427113607993,12.4706798106833,-1.86159891868491,7.77413426478116,13.4877297145113
2.4544119071273,0.238652913180553,-7.90206143806011,4.00918854293667,7.82299639866011
11.6044956199176,6.74014831669395,-4.71695318654344,0.0958162410689247,12.4654887511635
-2.2072281825941,-9.79699910608226,-4.51731799297649,12.7808659231974,0.447326361836301
-4.03942890988888,-9.29252789632211,-12.9600711725744,14.6282823654395,5.08779097241087
-3.93468052737292,-8.76330228312456,-5.72490825036448,9.14079408264108,2.01094348089467
-22.7639722118115,-0.976562210759319,-17.6622384444937,-2.19866664138464,-1.15276378342868
-22.0548908436969,-10.4292745795249,7.00989185570857,-5.88933177542435,-12.5975178636373
27.6503072224811,-6.97331153544372,1.09498689693265,21.7256841404666,11.98247424673
-17.6642160748677,6.87736059715061,-3.26209158682457,-4.824031154201,-14.5243002859796
2.40296625003593,7.69214096549515,-9.72688393890105,15.4386793816743,-9.92979821044496
10.8678787786595,0.140095114174289,9.11600935814518,-2.04888239883803,5.21654994071909
37.3037682375386,-2.66760018036875,6.30828988425048,17.8652152586409,15.9458990415322
4.67266935235413,3.3213478258261,13.2682661036581,12.1392916457828,-22.2448717874756
13.8053952135744,-14.5449764657285,16.1857041118112,-0.82670912529585,13.5020563886625
-17.8460363079612,0.681480435225356,-11.5353918125153,0.128821164845416,-5.77330414851521
-6.49371678545106,-12.3533403243673,-19.0101020196225,11.8676833815428,13.6799694850886
-25.8150760405028,-1.85369948906239,-15.9827027115257,1.85689507392427,-9.10897796792464
0.435592422557401,-10.4048867105456,20.7112860863917,2.67476136295996,-12.2376814048347
12.5023449589682,-1.82299966705206,20.1233120783392,-0.612617862245298,-3.89459540556235
-16.6199369266297,-9.52765043914665,-16.9558395972962,8.53545529405051,2.14318802833596
-5.51494959821897,25.9350591998127,-23.6281472915899,-1.881740554003,-6.38687129075977
4.38449474999433,-4.95606257048944,-3.28286328614595,-4.8286345358464,17.301919224069
-6.58927739742338,2.44825202024038,4.0830319343258,-13.0845405480818,1.81857978526256
6.11936839347127,-7.9946871490377,11.5422024811453,-8.65759701197618,10.7073222918761
3.68030702452635,0.49254735897339,-3.02427540174064,-2.72963937126832,10.8382321260487
22.4673017259762,-15.0846948423646,9.17917995510716,23.436111168918,6.57671577630531
15.2085075698216,-2.90471412863419,9.01244154818545,14.1726754617508,-4.08641840520244
-7.14898573555322,-7.91835271479921,-6.35123444469607,10.5198579332699,-0.609791520980508
16.9978246881577,1.4771076859783,-11.3547155222386,1.47176944024415,25.5319304032297
-21.3355198463952,0.853279909301308,-13.8826435625034,-5.86021667789624,0.000673907599825034
-1.23658556582841,-8.05744548694331,3.8286209522921,4.24058717875783,0.750033754543534
17.2823942146834,12.1861537464915,1.86183621825072,5.7570080946274,-0.912809737345791
-44.7898435099658,-7.78475060489892,-0.892220299528646,-21.1489349573593,-12.5247160975629
4.81270957747048,-14.601854962889,17.4037274578879,-5.66526087268787,7.52295371232319
-9.52131723882929,10.2986222384904,-6.65604392052899,-11.0847269916663,-0.27000266325441
-15.9634526964231,0.100302693068517,2.95072771192362,4.75602091447188,-21.8976458040851
23.4770066853485,6.5615122462759,3.50330899252015,3.73504141967699,11.4968736298649
-28.6337166054339,1.27208231868977,-24.0424734370282,-6.01805936218434,1.52939595306544
-21.8261633490361,7.3567222362223,-2.71929052786546,-6.8189660466995,-18.5767550497269
-16.267029425468,-4.4438318989308,-17.6995118305631,12.4513472329953,-5.55881131300133
-30.0233680316884,-3.05638645319563,-6.49287164332213,-16.4530058903387,-0.773161053187527
27.67869690889,3.30651672903192,15.7287403781695,-8.82368956022358,18.433581716304
28.8657005933498,-6.66795186359025,3.01631851244214,16.5911306927705,16.1819727749778
-15.2121314980634,-12.8290552194695,4.11182016534224,-4.68057590048868,-0.0300875365829971
-11.8992491782143,0.952554744717284,-2.72555426928879,-1.03046239636081,-8.46404076323756
-4.65858954577213,-12.012025904832,9.72744438659295,-21.2928037273277,18.6216446410896
32.7137846693234,13.0815336949065,-10.9292905796821,11.5410068792034,20.7829538634275
7.04685799345597,-4.40050249825689,-0.525572559043444,7.40275327568402,3.89731587233197
-6.74459838410238,-6.86132125021764,-14.4395317586645,3.77578997606855,10.5966275489025
-5.31894829135364,12.8728009943307,-0.0861278817286621,-6.42054098512584,-12.1432428222287
0.836483992141366,0.0268068247678918,1.13449041098293,-0.191914450659464,0.649045627460564
-15.424370088606,4.13881500879192,5.63118250273171,-20.4009714899725,-3.51746597682137
-6.32069165513865,11.7482186329152,-6.62747424968678,-13.6070147754639,2.40957170084557
-4.20145376762404,7.33637917713663,2.73287025106172,-3.61588492079216,-8.72075220600478
3.99513840370275,-8.68735127831915,-7.47988478959458,12.9683175853799,7.06217157453045
2.58057154471595,-2.11697132694795,11.3235598818966,-9.93353346652147,5.71207153051833
0.565592027356612,1.94957546298565,-3.1904871691475,8.32281700584351,-4.14866158814443
41.6169637157029,1.91688683509377,19.8975802116751,10.1351071723272,12.0340682457656
-23.7848506632621,-17.0565184854211,6.2268133840838,-9.27227364878433,-2.7753669205372
14.0539047552152,15.873823635072,11.0465066440277,-3.90744068185705,-7.37885287783678
7.73695062097911,-5.5029247039211,11.3354053224762,-10.2449462100581,12.0954854213149
9.68196439478331,-0.745638180591284,-2.73323872338176,13.7658925248559,-0.398720168989785
24.9786754525774,9.25816391358354,4.95461457920015,11.2552654213218,0.681734869458237
16.8389720558379,9.09723866628313,3.07928235045179,5.1339077681932,0.100261243675719
28.2686265037901,-7.40547760570416,-0.801108938585759,24.7832944812466,11.4424421551196
4.44565188053807,-1.86749606660655,-6.11994174021772,23.5694299375319,-10.9524464375947
2.74789125898774,2.06555990670789,-1.75887193483184,-2.85519692648701,8.31402540825345
-38.9881264248006,-12.6475119509046,-8.08296953478097,-11.5942432575838,-6.22313944778898
1.45513010124819,0.705526807756406,-4.15726013248776,1.64800482138561,4.83400453499276
-9.42517094997245,5.48469402206554,-17.228082134943,-6.17934765808089,9.03608550194094
4.30440266072181,0.346485091570418,0.290896594665808,1.49395802958709,3.36006469084325
-4.62132517228087,0.0770518792313268,-23.2851605697921,15.272441782704,3.19507653290337
4.13549167419661,-2.68309206290216,2.17899057823123,-5.99566072750881,11.1637748645055
18.4963455663299,3.22528005459422,9.88340275101374,7.77162752859065,-1.11058903780443
31.9275628915978,13.3496308121805,19.6330072450269,-8.83479814862605,11.1072483349249
37.6534939033884,19.5204092340326,-3.81796021396893,17.257779766086,6.42518776859709
32.3254972830254,7.10722216738842,16.8304346634761,15.3400101877403,-6.63078512669969
-12.5627495349645,0.289437266521189,-6.35203768854122,-2.6075712470632,-3.28625068961872
7.00049183250213,-9.36574361040794,8.42640619860313,9.65213699191304,-1.48312831447472
9.56752296553278,2.29287603642005,-0.105948511892235,2.5093511909253,3.73907205288448
-0.6428906588504,8.80995527511561,-0.552224341081923,-6.20501254570314,0.0442958396322889
-26.5629906282885,-8.72086711190425,3.67066615190535,2.82885489856733,-23.445828615666
-49.8911977469538,-2.92164518868003,-28.338107452178,-9.64533168259864,-6.84919253009463
-10.5981521950599,1.72075899277868,-21.5655039270107,22.9280355790658,-11.3585485031487
-13.964256745237,0.737472917048846,-11.4583981249418,-13.9211599994268,11.630507614321
18.1557802417092,-13.3070520835521,21.7643905309087,7.28107983416439,2.60289594082776
-9.52688532316908,-5.39339495827784,-5.91192483712547,-6.23567683719246,9.50627761143234
-31.6856063935913,-20.6439106352054,3.69401062213137,2.48497012641232,-16.166747616034
10.8546791999644,-10.9473475034951,10.5099110584306,21.4176725452001,-9.3981795628007
7.47229554160034,-3.42901280092526,-4.59640768166622,8.90449117795117,6.16410510337841
26.2521910780839,12.5980367015817,7.28345048151029,7.6724801150817,-0.313528925408564
-2.24381418905471,4.50556374980785,4.81318224919472,-6.71275485900686,-4.50784708426246
32.7107992954838,5.62099979494842,-7.96893922154792,12.9423824891023,23.7006494827509
8.93602784068827,2.83530964731455,-0.256563447086525,8.10404176017211,-1.45488794758735
13.5130539441795,7.73306860820442,8.42519004775444,-5.79204527268426,2.8358361413038
8.69319654919476,26.5682313302293,-2.52367647326918,-0.130500907561493,-13.9702611152887
-4.83132005527475,-8.9351600076151,9.25792668384745,-3.94719774816819,-1.13682763792868
-6.74051439939157,7.43743093134706,-17.4723264934512,12.9467451554476,-9.33421703713527
-15.9487358721749,7.76432688029769,-8.12342177941883,-7.05701035932874,-6.03297087636468
-26.7603528749004,-0.142369507492241,0.809884517899623,-3.13053725686244,-21.7951718939466
-0.970242306807392,-7.51312490490686,-3.92061736846207,2.85220803154582,6.90616851866133
22.8824586448493,8.13767329399176,1.08926122871748,5.95682855924975,7.80669210570279
12.3500457577279,-3.30075615208424,6.16513138625493,1.19864295893326,8.93008755837637
17.0308753411525,19.5916075464799,-6.26825417001396,0.243123949385966,4.44604741673809
4.85886383236866,17.0965847844418,3.48589954451333,-10.0082589123036,-4.56798901728332
-0.632712108744967,-1.30911549291422,-9.43525449252519,12.1173521236816,-1.0145575699116
24.3277188971814,11.0516221091199,0.327203638025392,4.96745336587493,8.66161876080189
19.2893584279574,10.5061808567204,4.97425628777267,-16.5220963165492,22.2519902699484
11.3831199637354,-4.55684958080255,0.514142721319257,-5.46749320097926,22.4993196874647
4.3200240399743,1.66313792839694,4.72886025381608,4.93043361074169,-7.18775745776435
-12.5238896800341,-3.53845658172557,-4.99826062480684,5.29707832841379,-10.4934647476777
-43.7510341644944,5.69073883505987,-35.1425290727311,11.3344539278744,-24.038772161217
-19.9821397100668,-10.4043242850792,1.2831250763441,7.9820909507649,-17.8490696345472
-20.9363884328418,-8.69453041048051,-4.70552993719602,-2.69526953419205,-4.54742457911978
-16.1347193181214,-1.12671116587292,-10.2840745200676,-2.75416949098931,-1.19071864129753
18.921448328636,11.3695714787978,19.3080223552894,-3.42686543536466,-7.46759648557008
-6.2205702194824,-16.0628509192085,13.4047839687975,-4.07043882946774,0.91025390811663
-18.6194003635476,-15.9639380929113,1.57698251760104,-2.44647706023948,-0.676438822117436
-15.3686106872795,-1.10845554752632,-21.6400085870534,6.18533164795748,3.11700015858765
-15.4885724632365,6.1811478150202,10.8596304645548,-12.3569992918142,-20.22598947655
42.2862892827406,14.3403260615456,-4.09766282688711,11.9653285758121,20.1843741054575
-14.9068647028224,-15.9465791383347,-10.3257546080797,6.18158031680962,5.41876766362756
18.1181758393803,10.9837775509969,-9.52038722041784,-1.73817873412385,18.6050900835934
9.22055863790164,-4.04013613616461,2.06787339210551,1.11475664109861,9.15153772438305
-2.04834513191951,3.48364240465594,1.84767005630285,-4.31349055265756,-1.39487548560389
-17.4377622124261,-4.04787601356809,6.96285889873916,-3.05187221717587,-16.5167211019243
-35.819031085968,-12.2542265963831,-8.84731208891807,-2.30792404969273,-11.1592422227058
15.1246006035221,5.06581249779672,-1.63771868020649,12.5732509741844,-0.982421266805114
18.9272214197028,2.88836113904368,2.06693174293361,3.70336236781844,10.403649127436
34.2000524332182,12.8036726878832,2.05158365370419,13.5030484247594,7.01866046466209
-9.77752289470258,-12.8467439009097,-9.61810105100348,1.16924364607532,12.4072575067016
19.6435598696931,4.48662255524096,0.147336827656379,7.39047129543725,8.00652076203193
15.0922428583828,-15.1717395520176,21.5094715360675,-0.682544679406399,12.4771834656929
-7.17225892539732,-0.290848499199261,2.88341472062178,-14.3270057908659,5.61386257824461
-15.6258007352611,3.82344302013854,-11.0524484631907,-12.9688446063428,6.50455708132258
29.5506143449894,8.43424316405223,-0.490934916836108,3.87604460660138,18.430408358669
-21.3236689404794,6.20305137536241,2.45235918952346,-13.7712437008037,-16.8581604369508
-16.7343972051836,-15.0268495668713,-2.611216385565,0.766776122383996,0.56961355193168
23.5719379696238,17.1435944206493,7.09851195492792,-1.17944457313193,1.82008491189199
21.3744635393382,1.70554031960163,2.56407262380677,-0.261333884890572,19.8212401682813
-12.5168137505642,-5.23019111780971,5.18933934163634,-28.1624347383457,17.5327881514388
-31.9370961061059,-1.35344832527375,-4.02910411238111,-14.7022648588253,-10.0773706140008
-19.2487585354661,-12.5290610358462,3.91334250076578,-7.50865811219677,-4.58288951588622
0.548562357858808,9.63802664835868,21.2125027593624,-25.8044442969341,-4.47056778026878
21.8903865649117,21.5933185716771,-12.8844171028193,4.60451885422575,10.6922555802095
-0.588942829934002,0.853951681066256,-6.46734841952458,5.19999382346096,0.256897846797539
-19.224593056384,0.450835198064659,2.56042294380832,-9.47530688942792,-11.5406321208684
-1.973203257303,3.88798696998906,-3.04233543458236,-17.4697378972662,16.0703606846922
4.68757854880473,2.46918888325082,0.360814399432275,1.30482466229742,1.82087957040865
-34.4106047872583,-4.64227526362483,-6.34051429091329,-13.1835636481316,-8.15341829907558
-3.40497923779273,3.49780558342037,-2.46688558268728,6.71360265526518,-10.7617799213201
-27.7930434518527,-4.24273952861348,-6.10182422405622,-4.75966605031639,-11.8599671957722
-11.8534872215435,-7.7455378074956,9.55076489225164,-1.78498428695826,-10.5424314245408
11.0435273149237,9.31729222234863,-7.27229817747975,15.6794613507817,-5.02876131089092
-5.66705826006655,3.32094643450971,-7.06062784646819,7.22927799738224,-8.72658044100719
5.71307317598483,-2.18790275500367,-5.39304755797601,-5.35088935935551,19.8374338838782
-23.4592270863342,0.150945225109575,-16.2662281148343,1.34925072229094,-6.43337473031168
-21.3791234127296,3.17991842482431,-9.72352517926787,-20.454902054652,5.62799568977164
2.96870852003865,1.18447921816394,-9.39917360150966,16.2079033155585,-2.36911285052183
5.52264228326667,9.08354000528533,1.19182380250288,1.70762502761745,-5.51037193406497
-13.618694713846,-6.89545403643649,-9.48976294615433,7.1386187625573,-3.77291614773476
-8.64654046752683,3.89067805188293,-7.81132240630488,-0.748060787455758,-2.1423992078337
17.3069710652279,16.8370165977039,1.11610811170447,3.09054142987746,-3.55524494508413
15.3833983273952,5.95998224961433,7.92159117446609,-1.19157805389149,4.13776096756633
12.8655214252371,1.92532134273482,0.374391245183219,-0.860861752073195,13.9482505721761
7.53346474248651,-5.58134308475837,4.15925313782045,2.70039236690003,7.54253495646213
2.29240495652597,-2.04498901723272,-10.622727526796,12.730913067842,1.97493154107069
19.5391626914197,13.3722953741139,13.5727087008506,-0.0442845655285156,-5.21921376088194
-2.68358223188429,-1.18669834411304,3.92273803807847,-1.4364084251785,-4.6204791770597
-3.55797926085126,5.7781717570169,-2.08628445183873,-3.06880190041658,-3.26289934173364
1.40852373576342,6.4372604736632,-8.15399031912052,-4.79775979387011,9.04034556975064
8.68665455712319,-5.1423139158188,-3.84414225468462,8.73412681946971,8.42752970101487
8.8753396568279,8.13823948204617,-4.0692633172004,-7.13228983755891,12.5747133409239
16.2175290168399,-11.8864995917345,-10.3500084856433,23.3274450023774,17.5013160158371
-50.7564112185799,-6.37674263449019,-29.7851778883562,-6.31506649622755,-7.62210593530341
7.78258295287622,13.7214687883155,-11.7533592010429,24.9524397632017,-17.0797123462772
-0.0168450558573928,-4.36950704981454,9.81423038705429,-5.2083843103841,1.61855196887818
-15.8479491279145,-17.2773293475963,-16.2403714491093,15.0152654730559,3.06125399820995
-14.6989562730964,-0.2948088226017,-13.1574990402262,-3.29383769790403,4.58800923711764
-26.2352675370624,-14.7504153252715,-2.03939264232786,6.41599735329025,-14.9273623230494
2.30635107209294,0.241093973032728,15.8091840051147,-6.71577949537697,-7.11820348871047
7.40289091757462,7.43939136740984,-7.15445812119219,10.4538702359777,-2.13429739687893
-1.40515649799368,-12.7288439907031,-7.72329527140041,4.36408680508836,15.5051284331173
3.03648073417937,11.7185425312599,5.85470688595341,-12.816229980466,-0.573960016711866
-42.1165446032767,-13.1318297597422,-7.15872610597747,-12.606688439419,-8.89079596589065
-3.31871285394931,-2.57594557866138,6.49287512078034,-2.0780394275654,-5.34701763338271
1.60600446948923,-0.424311845687008,-9.68664002439237,2.58790284196127,12.4181736510713
8.54327517677924,-1.66355812510584,0.639014221547387,13.5542877099946,-2.64356686184924
4.69355827839528,-5.99049755158985,2.48680390778584,11.0628450660727,-4.1554405563757
25.2531416748517,-2.08262314605742,19.2565835618213,6.52978553263572,2.48189479693393
13.7698438870514,-4.59507758115423,0.479580774965188,5.21768045579027,13.8801450101951
-4.02336656716251,-3.3366721229769,4.70896698784279,-14.8253889040994,10.0230466132264
1.35122021461448,-5.89310352000576,17.5421590985329,-3.59954624930996,-4.74360731315766
-32.6446939768092,-9.44919805041254,-25.4677149468136,8.03177537786195,-4.92597465474036
-24.6043245224168,-13.4901940755315,4.13428349103115,-15.5482093562192,0.563717751637237
20.6374153077087,-9.31755304539584,5.25933599850566,17.0780498383792,9.16821368015007
-11.3759894043002,-7.51685820892004,-2.25748131998761,-7.82179028266011,5.8904480762082
-7.31113165180917,-8.60843987146071,-3.55681369579135,-5.55906779107927,9.10428024721194
34.9413735938455,8.31199998617477,8.31222981594652,8.62139285423488,11.9709818502344
-5.47479471930448,-0.332224097378657,-1.29646787562964,-8.06004811073823,4.34453174462575
-10.677723706018,7.89582620922097,4.89944895653382,-6.01234931762119,-16.6206013254186
39.1513480133873,4.46162960563685,10.583978395392,12.113099022883,12.457341758597
3.04753825951168,0.556230476776018,8.78822606177435,-3.2930050289115,-1.89396819297846
20.0248500259805,16.8429075725818,-2.60146540918912,-1.34952505676561,7.1200312651532
-6.22740323590577,1.18776161719297,-13.8746648819503,7.10477938683049,1.69160601432449
-12.3428719709295,-16.284331564425,-6.25448026924912,6.41135770013073,5.28087100834027
-21.7550248331666,-9.73635292029887,15.1645562044492,-23.1351439556251,-2.51243241406738
-27.2104262610319,-1.24985861425755,11.6447982299631,-15.7675426510197,-19.2095323836981
24.8590535575515,1.88937688776451,19.0150297023848,6.05130515968801,-0.0605144823825216
9.55857287340488,-0.944655561043689,-0.130843357215263,-0.50331617279429,11.1272989605707
-6.15235894959279,-14.8422227937958,14.6499324442311,3.23294123114718,-7.37614793009825
15.1625927667148,1.75083673778997,22.2308404655069,2.85405151704429,-9.98284945905084
0.325453947167162,0.806218645394267,-5.9987496655433,-2.49031117857218,7.87642260100795
-27.1236859913465,-16.0501540915221,-15.4694418480659,-0.500241708343979,4.87155393210797
-26.199811293685,-10.3236349865832,-5.88593547794077,-3.3343735290453,-6.72001022877659
9.32751718963,-18.3022514295584,10.732675852283,9.51695145559562,8.69748372165696
7.86307725589085,-2.10056716107181,-9.64583523504527,4.88036162157304,16.9636836773446
-20.1888843493807,7.26797081475545,-16.4280555762461,-10.4794760397019,-0.33209998994562
0.853439226446441,5.72034324781098,7.6274884698016,-11.6617950066451,-1.70748619578514
13.3693739153183,-6.2218681042799,15.0712455605693,7.88014927460184,-3.16590954173478
-23.993719561554,6.345288584184,-7.41559987330188,-21.5612398307402,-2.35259736651565
25.3406621493585,-8.70307741084955,6.08115572840685,4.74602825643902,22.7007734583563
1.1937218537213,0.844582569833575,4.79930195336223,-10.8740613315323,6.77632014203447
-10.2208001088794,6.60366046059142,-12.0297015620295,7.37729053788965,-7.58971930447434
-2.38545505282344,4.23216139752204,-0.933533230656441,-9.60360856659181,5.49997632134788
6.71559933179573,10.8965643737693,-1.0057385863478,-0.175524065527104,-2.82735739192236
-0.991392565438873,-8.75720093093074,8.00409952676565,3.88123514988556,-3.81266488178246
25.6500322809549,7.71296167679489,9.14301131366651,-3.88612270733638,12.8863048451006
34.6076473996042,6.77350442358343,27.6217196344086,10.2915641137817,-7.09909807536253
-13.3847607472013,-2.01565375739203,1.58092925431866,-12.5523330731128,0.0716479945873018
25.9655846397128,12.1752717159439,-4.47623812950053,7.88007289292456,12.6267223108716
-32.7601628368011,-12.2886553526467,-5.29808278529183,-17.4938668103852,3.87909406677347
-9.69020163720211,4.217632733891,-3.13686551607276,1.49413687927836,-10.5553746186695
-23.6079705456058,0.235773463570291,-5.85437485172993,2.38431997214546,-19.6056751063038
-6.2249046252244,8.02956175087725,-10.5758709018265,-0.316007488686885,-2.81519605531553
-21.1771431289662,2.53568919191223,-5.91194885334471,-3.8591530895131,-13.0306074301309
40.7792815455918,-10.668722983938,3.60174661117901,22.3491818863456,24.0403941080869
-17.8946019375504,-4.89651626954319,0.529387973111789,-6.68539838947026,-4.24967084564575
0.248007010111456,0.698259744016771,4.47240817372028,-9.03994026520415,4.97075320127319
-34.0486289730965,-13.4184412709647,-0.986572503878992,1.27633673042582,-21.7614207708128
-23.7830761445004,-3.80208010233688,5.64429468375237,-16.0202247475541,-9.02496647113999
-22.5071666580063,-12.1718871279343,-2.57869427278153,0.337250357049963,-6.12940947131545
-12.5564620377532,-4.7605529300703,3.43466408616844,3.20150323262386,-12.6754293712769
-23.4322163142801,-4.19161324270326,0.452329323999691,-21.5301577917727,3.66913948946384
0.648042836980551,3.7835948493816,-17.1694106973768,0.766738878831044,14.1902234818082
-2.80047900928111,4.20632132511153,12.8789481448306,-12.3634285370394,-4.91019099764911
-29.6808314062655,-4.60332624229781,-17.1719267876447,4.80815370328124,-9.8498770206905
8.56673082637056,-5.75189155162245,14.1787538148666,5.04061687258104,-4.03847982464059
-19.8598484953083,-3.46029321447267,-11.9224914873035,-1.9570864155513,-1.6001100896325
-0.563301870607878,-7.31704018566524,-4.99196385127841,-3.57865826959122,14.2104219034991
-28.0693138691094,-12.6227874380311,-2.83538223344657,-0.230374148348655,-12.3230214330499
16.2806081343536,1.19733827632269,14.7979690888297,-3.80832996247,5.17658755017704
16.8833855312964,8.30742602139847,7.22279565542572,4.48167287915655,-2.6378985399625
25.7526116020832,3.29255976383063,6.36901707879749,18.5141171499472,-2.73360424799912
-33.3581561523387,-12.2910482262919,5.23963263089847,-11.5551119841598,-11.8303047522671
6.94951608041153,1.48932780547426,-4.76799865388923,5.69353053096423,3.44427498486933
-29.5484822523701,-16.7163603802313,-10.9773304765012,-3.60026183145505,3.10940795022238
-1.65039168737214,5.185688354681,2.43343679425872,-13.8352295799111,6.18670021648297
-3.42814593050901,-2.27144676456542,-4.64553696150477,-1.78647047752467,6.20097652251179
-6.74146576746893,-1.39991556053799,0.728780569503265,5.42025138360107,-9.35816890440475
70.2828023323246,-1.59984447329891,30.8901083838502,26.3700302467711,15.5763212324621
-25.7663953204401,-8.86010254716768,-11.8276356894264,-12.4145440448067,8.90219118788083
13.5969553014446,9.84351363801514,1.80045707005049,0.0362175193989183,2.99176406235836
-35.1794354451583,-8.08107450512262,-31.0253439986292,4.17210818362506,-0.183871656625524
24.3290513096651,21.0291278284613,16.0117021488663,-10.9057759286872,0.168002657127468
5.06328603273859,-4.66348865645486,5.41471521409506,0.114729399748965,5.21456859669673
-8.00103081976582,-0.30983410008708,-13.2370532928305,5.14382332397337,2.18298767063189
-16.817594901143,-14.7643474418561,-0.982937175390628,-2.14754443722688,1.7419715020722
-5.5608995519528,12.2922865920782,-0.785644579766276,-5.10234316458255,-11.3186726895254
6.04089958603056,-9.98437648122034,13.1098700611299,-3.29071307918931,6.67990740411815
1.34461203423317,7.88943932938466,-16.0249094254527,-2.67758291424504,14.9593493589864
24.885096175631,7.7255461012204,1.63789626363488,16.2594923656536,-0.960350981432556
30.1820118607345,5.53239240332548,3.69111033241877,4.07995512230282,19.4300886626596
-15.3503497431697,-6.17652775819312,0.707882459789988,-2.54286361891672,-7.13395091967209
6.85936241165718,0.341586083642579,-0.757957751546705,0.049484089398625,7.43469366379323
-14.5151718649979,2.35359713740997,-3.01569898168082,-7.00133882684625,-7.39273252067246
-26.8108364267168,0.136422295820573,-5.28513835099917,-6.71104409485441,-13.6011053227364
9.27893475314157,-8.60998232304379,10.5983330425524,21.9439450174946,-15.1291019639018
-11.6782990308976,4.13661573430608,5.56491142898506,-19.0973137757864,-0.974331808995059
13.665005076436,13.4734700148215,5.74053981582322,-1.59894786071682,-0.659403426111729
11.8170941645675,-2.50226554251265,5.31953857704532,-5.18520765468774,16.1959002283579
-25.6213192138277,-16.4362444898316,4.57939300353456,-11.9039127919752,-2.19202152850508
1.82937638622846,4.75602568631411,0.613721101826407,-6.81683098523986,4.61033235452277
12.2008527128127,-5.73581262584237,8.5275591430302,-1.11570991548079,11.4334986108984
-25.752240065086,8.55169801234086,-19.5195618359233,-4.5106922246578,-8.65627953286293
8.43100010738211,9.81952023714819,6.39166950997938,-11.864626683533,4.79201213080893
32.1218195176054,15.6196950170607,7.22673851896938,9.01367096785094,0.661758929224344
-24.4775535967982,-16.7779715851255,-2.92479909789058,-1.86931003135454,-0.451834337108578
-24.5144882191936,-21.5990560369461,-6.79602884883372,-7.92512504447645,13.3795990824612
-2.32927592089868,5.33908214587635,-7.18490831378647,1.29721079248409,-0.0327229201190553
-9.32169472770353,-5.46233364552681,10.7740812711165,-8.84348455348375,-5.67994183332484
7.12886260891455,4.91481232042878,1.44344347127586,6.01355797005462,-4.56656496979482
-36.2948709319988,6.28953298057171,-20.1545687587464,-14.7921951585511,-7.87767240002277
43.6424122602473,16.2072899968021,7.82673793370936,7.91563563195324,13.5002721461876
-16.3214465203537,-11.5919372050981,-3.50140516623638,1.0158856193753,-0.952866945418461
-17.2375189357889,-7.88526683595957,-17.4744545908668,8.51903521234155,2.75433490810622
6.74999973037269,12.2654261696165,-10.6827521887799,5.87837494460495,1.48235842100591
-23.4649389295332,-2.32167208240722,-15.3639332159323,-7.6840920578206,2.08314843340741
-2.24011302451873,-19.8950118429724,1.03061424372455,8.86623155479255,8.91041142243115
-7.37100735336134,0.612759026804733,2.3243875109526,-4.63908847573021,-3.77308320170293
-14.9581950334342,6.48266934230875,-2.48422559354778,-7.59798965771155,-8.75306681330598
6.72492637788191,3.68735621005503,7.91003180695438,-9.82320789192712,6.75194491981435
-43.3948171488415,-14.73649690339,-13.2866628650385,0.59430293887642,-16.2025874946226
24.0532227191511,6.48552059112219,-15.8486117531103,19.2254512868983,15.6399143557036
2.90237851204969,9.84418076164079,8.27509286143352,3.27215436931499,-18.6597222609451
8.8420939174909,9.09354024899021,0.288828183600165,8.25319764624541,-5.62306734350214
4.19519853295647,18.5547281504215,-9.6615466322619,2.36388076115801,-6.21892059260853
26.9567626408607,20.0239271932406,-1.4956751779956,8.93184916531596,1.16298513855488
30.3385532527843,13.4506371321201,10.351033153864,0.984805518203847,6.99204262822837
9.35235921002546,-7.21336848133853,4.74997009073472,7.04857945442014,4.66190763641918
2.47112260639313,4.17902378892035,-17.2062738896609,14.6648992139755,2.65342892893126
-9.40208275437023,-20.6272009163724,13.7518722064691,-1.7184468666854,3.1075129330351
30.3526733285198,26.5899646213571,-0.072344628891285,13.9002691171308,-8.8805905468675
2.95067147330437,-19.0634105766877,17.8953079750246,-11.8668944102023,16.8702832084905
-9.64927899312787,8.60758531781828,1.59477283465476,-7.75988260550362,-12.2067215401891
19.0679660532692,-0.168338648802703,9.94167494845535,7.62791466137409,2.5163624048305
19.7285693891602,7.45523119520056,18.4919110483801,-4.09416541673785,0.0632579660394696
7.85240178272654,-3.76330699284309,5.28447622973397,2.76710944185479,3.57979524625541
-4.76880812521063,-6.99927275331592,7.92380280753463,5.96335476244442,-10.4539522230755
12.9648287489765,-9.31322416802179,13.6131753765797,10.5225820789709,-0.469645174363755
10.2316071190854,16.122631944635,2.33555196846482,8.33255183439437,-18.0095320310192
3.4973756514962,-18.9392307631683,4.27843157614686,20.1376438713262,-0.0958782410817643
6.31841002012145,22.1383164653435,3.22344315928097,-14.0041703306976,-2.83634964378213
28.2297038372514,10.8537023667718,3.16372039599152,17.6011595846542,-0.812969393679855
22.8210238385707,-0.459913943282698,10.1269362658798,0.61309903307632,14.0091907124287
5.53143181190649,16.2913951721318,12.8170304528401,-13.5560282546144,-9.59130230664153
22.9521973693763,6.44932343582603,-4.59461461953091,21.3563080723167,1.43371611691835
22.0131843870677,4.0226969355135,-16.6987107647436,22.4879381706038,15.2391917058142
2.12013155857979,-4.43563921424003,2.70931853908723,-2.99089017627375,8.41069969601122
35.5711731562941,8.78734959225745,1.22953066954978,13.0089015310812,13.2299517757127
18.3473634815855,1.48591058153397,16.873353556551,6.77696299905709,-5.70778185470256
30.1208679361611,-4.31451196256933,18.0420555292386,7.02752175085926,10.2160917004761
-34.1241248927556,-9.98503052534124,-9.74215401409312,2.56807972334146,-13.1875976844853
3.12003279544917,9.28584448117459,15.3637919685892,-13.6911663413775,-7.05688979151528
-8.55507567363285,-19.4233899972414,-5.18847088039852,12.8371886397128,3.78936000560934
-24.7625350024613,-13.735780398896,-9.47684612623993,-4.31542743987338,2.30203192387635
-30.8663333086438,-20.4102842162771,-2.92918683049984,1.66077209207056,-7.56762206023079
-8.32378025018775,-7.29473480362149,-9.0948700862006,11.7298855530698,-4.36680809495585
4.71331709321572,5.24893129742899,-0.060673543706292,4.12668020918148,-3.69466011574473
-36.238065974794,-16.424779415815,7.51823893096901,-18.5524307875263,-7.54812882641236
-53.1583688988899,-17.4716223401958,-4.14826777550983,-10.8951625535097,-20.1458572174295
4.42987732116964,2.50350669162369,-6.08414088692458,15.3242412059784,-6.29227327494652
11.5389258840682,-0.84183167293432,17.0535368694868,-5.25151489772587,2.20001412813153
-38.4523792134632,0.537012780314062,-18.3274617786321,-16.3886384676067,-3.60901851626686
30.2585546169918,10.4134950816195,9.86931828674873,3.29293052320886,7.82935707359796
-13.0103622497595,2.04974966663321,-1.60278466252722,-12.3913642117241,-0.041515314366874
9.64464918689244,2.02233087161161,8.15558390916202,-2.2191429034616,4.00031501613411
-12.7048273711795,3.16886634430733,-29.8749864588128,-1.22820857135721,16.0553427521498
-7.04399273517358,-20.7235688310263,18.1139182142695,-4.63796031565786,1.95860283700899
0.65586121407815,9.79733747452093,-8.24197169368932,7.74887995353289,-6.84374419258434
-10.0050557173376,-7.17102816695447,-2.98828290738321,3.20679331173868,-2.59851106003437
-14.67330794804,-24.5028193819943,13.4272789901107,-7.07605128110607,4.88945172945234
-26.82519589751,-3.75772976961548,-14.8540120219057,-8.62261582864951,1.54619753697494
-36.8787775776667,-3.82765685298064,-4.71292284311396,-11.0002491835652,-17.2124212189493
18.7211869905048,12.6649306171941,14.0710737370995,-6.49402311624941,0.471354833684325
-18.0549663074184,-4.95328610425444,-2.91124677593173,-1.62483231899129,-7.3950208864857
22.4867195177189,-1.41270210887459,17.8574551160954,-8.16079929535249,15.1454994049608
37.2549722255794,14.3969083243641,-5.58893935647159,27.6790050754562,2.14313442783255
-20.3577605945975,-12.3200399249969,4.63603477845228,-10.2129242076841,-1.36215275435631
-2.81350919705219,8.01113854544712,-11.8838813664174,7.41982186514491,-4.21641726205663
-12.489770808754,2.55476339774204,2.48242510122358,4.11129613340436,-21.5520287890857
18.9570476633794,0.36593152134265,16.3035495866072,7.46965149694539,-3.93541074352449
23.0210575616994,9.26301875104752,-1.41461954196217,9.31041887733704,6.69170896857765
-24.2284692082297,-7.18444349450855,-3.3054513520729,-6.47390948736845,-5.77212520743077
50.0421987715389,19.5501256078839,4.24094201084206,18.2802305865375,8.1857277892815
43.2273703275015,3.9125643314295,11.4474514336323,1.42488089420821,27.7202938695934
-13.3065447305742,-20.4954462125061,15.2946135643276,1.70274217967571,-9.14212525515494
9.25155699857154,0.395485803768871,1.23122750935687,-5.22633056026962,12.8708454163236
-18.8615543382568,-14.0262980407485,3.26272292107714,-3.1201431633637,-4.45465414581401
35.7956622755017,14.6176309380798,9.52981546113054,12.4622772559092,1.16863810042807
-3.91016277769193,24.042533548662,5.61229938902864,-20.9565176785585,-12.7600082003245
19.595316699929,11.3956158008269,12.6824865175945,1.10172916445689,-6.91508689051837
6.25393130781328,-18.6808283935384,4.45143693741486,21.8665621447647,-0.0844794390689624
2.17788214447588,12.0491362438622,12.0007743183176,-0.714070521278919,-20.6569107283534
-10.6485124326054,5.78721421009385,-10.5191111768581,-14.6562647263886,9.28755497876828
24.7959644612226,2.47894253080795,17.9447624486309,-1.83525364952778,8.85684220918403
-14.5099489016761,-0.410356229373454,-16.7880827145701,9.60403921970207,-4.66270451406637
-13.0133594412595,7.69226499303211,-6.10906201032421,-5.36966148190445,-7.85366179729332
-38.948844044474,-2.25695113147978,-5.42146643822816,-14.7460950750287,-15.0399264111385
0.269366916929564,-3.5136365737906,-5.9801338941615,8.07770371698136,-0.677250815617864
32.6812791610856,16.1906147893848,15.2099167278145,3.74225340905799,-2.08046876699446
-4.60075976232249,5.83805578688666,-2.04745545382823,0.741029128313311,-8.80752834428133
29.1257617980697,9.47846874917044,12.1133406767899,9.01094679315278,-1.29675576717597
-4.43471254921668,-1.70821701830647,-7.93564940204256,-0.0138031803933768,6.63662280443171
0.859707376845607,-0.171584067824959,-4.61711994028368,10.1989708046268,-2.15994746163988
-30.4753561123199,-4.65216821127205,-12.0311756144988,5.91331268941221,-19.3382677812591
-9.0266066534722,6.51153116371071,-1.88041286126444,-11.9227758170813,-2.18534854424636
-14.2795086836268,-9.47718903991183,0.775241141858086,6.49293350627609,-12.6506584719744
3.06109448629219,1.88338686163578,2.36728809069903,2.8533939298694,-3.66673799755281
12.9198628265159,3.92934439277068,8.6049896950477,-6.76329075662879,8.57496576937661
-33.8475817008406,13.159855979887,-10.5682577911321,-21.1909768547844,-15.0263905421783
12.675186059224,21.894414789297,-21.4624143781942,5.83054460519265,7.25839516231847
-0.381977893611013,-6.23516883002991,1.8930502185728,8.13593614651684,-2.22773002193196
12.5824646929331,-3.41990615795353,-3.32405698385617,20.9835642560331,-0.0433705789402218
-22.7445243665743,1.95311154668651,7.68564800419476,-19.6411425382026,-11.6752836851119
-3.42925760609101,-9.09991338586913,11.8294890873643,7.71147058791715,-13.0735224106491
-5.55352934489113,-1.74423151145785,-6.12538389615294,-1.83850499360163,4.11247512408959
19.8951039824088,2.30164194595249,6.32251674733455,4.1855465434714,7.93841607332628
18.4765689427756,3.46828319032142,21.1354041166275,-12.6918030475906,7.11049853695677
-4.39948968649271,9.82263219462656,-5.91715906042502,0.570501761667153,-9.54796129126245
-14.5757397044434,-13.7453975038883,-13.0443490487287,15.4675373332938,-2.94791417665843
-10.7084709464749,12.0305882250491,-5.00327194480784,-2.97064294475613,-13.7043554644776
-6.54041569354729,-3.98246856501016,-6.27062745379779,5.37001254495272,-1.05753264558951
-8.4119988959172,5.08283436688264,-13.5402460137084,4.8770554393876,-1.74130017231285
-37.1830449819368,-18.9277255990198,-1.79502910799431,-8.73564187762429,-5.27469323519881
-31.9852314803631,-8.96192179159879,-4.73286869903339,0.610743351551492,-18.1765258374397
-7.43030345225844,4.11938725568161,1.87815894487023,4.53115020089668,-15.1394098072148
-13.06532228186,-7.70221346150674,3.78111651655102,-7.54839491885416,-0.0334077834386576
-36.4702428992241,-16.8895603449764,6.40854714203855,-9.45581607971027,-14.3436526762859
2.51251055705418,7.64814037616134,8.92756087619394,-14.6381816986015,1.54410260979818
-14.9821060225039,-5.2634549352177,0.707972694850414,-15.1843580834611,6.55905933552813
-0.016507491366367,6.81427957375674,-15.1197318498049,1.72654256023993,6.37902899567798
32.4373776488078,-1.42440290923667,0.661452883467606,10.9734686579616,22.5927315730966
7.84738103004664,-6.66059472625326,-2.81720723086234,9.51197065877512,9.15850255513274
4.84277130958217,-10.5691141520116,0.485769866418803,-0.883518740385446,16.2114332515102
24.9755552740473,7.2791616994145,-1.97953600325396,15.1738201314961,7.05937528417166
6.21489264461558,-12.2229494148936,2.87594340025537,17.5640728804697,-0.240145669710208
6.73507308555683,-3.64992447196545,-10.1814015710422,11.3529389891074,11.9438987990908
17.1044118044369,2.14719835019069,-1.89372773021887,10.6490251088689,7.50596902118708
-21.3342146771449,1.10551359097383,-0.168620426288168,-4.48365135458907,-16.7645012049857
-13.5864704128977,-9.67373153960422,16.4497486872475,-9.85652153900085,-11.436298388415
-7.60306405115375,-5.56342155146034,-1.14058993781919,-0.794317767554189,0.967221257971998
34.1888214126463,19.6204428040443,18.2053890088928,-12.055262464246,7.9024243102535
-22.8651528827664,-5.73791219405471,-14.6735291584326,4.35869038197476,-5.53369653397604
-5.84533331389027,-4.96654698254529,20.20570004977,-13.0960830713304,-7.64267417274625
7.7024580884988,2.5557865547455,5.54231198843985,-7.15751103314327,5.56610964508281
36.7589496119368,9.5678399199402,23.9614674783438,-5.17108937564478,8.82737086502933
-1.34473234786487,12.3819657670745,-18.3141167871258,3.82523639460751,1.21651799195584
22.0991895964224,1.04615714026537,-0.993392424412596,-0.15308164807996,23.5773750634266
-12.4659263642774,7.38981566937157,0.219739085363094,-19.7233908791895,-1.3202124442839
11.6610306365203,-5.94299059652813,-3.73933618209306,22.4403406736407,-1.6364521045587
-32.017480731755,-5.95995352018353,-4.94892732254038,-10.9918315602952,-8.89444600923752
4.2158715352048,-10.895320665017,8.94809488911522,9.03987383480965,-0.931914810991381
36.2898070168029,9.40442688797713,15.3649368853243,7.64593055204373,5.79097750851441
10.4552146145343,-8.72729614694772,7.2264470609729,9.06344666824752,4.21701525740112
-38.0058869837699,-16.070737749806,-4.99048368597341,-15.2834315209701,0.554187619890574
24.353800803564,7.44920829548018,6.28350546704332,-4.21024469933722,15.7095534955148
-31.1514872332251,-8.19486266671774,3.53735576836383,-9.79021203224157,-15.0696381610734
-4.51377255593441,9.05047467059716,5.07829182453639,2.06843497527093,-19.3114138433724
13.2820236326187,-6.81137004210337,12.9809459304027,0.011406909540998,9.34529615843232
16.2759425681358,-9.08313543225353,19.2828582841715,-3.56775679798515,9.95933705457529
-18.0536246840763,-8.9586406798443,3.22139787239743,1.64210079909151,-10.6725240168264
2.13482010915843,-2.89031398208685,-6.22060444773068,27.4040916154492,-15.3997233202908
-20.525953268265,17.4060816252143,-2.19165462998731,-14.7874608338627,-20.4387162036084
-10.7424903712944,-3.35675391015382,7.37446366779118,-6.50715606379158,-7.94258022489404
6.9695676496808,-0.325007403362766,6.05957043915432,7.77803980213019,-6.05366906207612
-33.3092181719099,-7.98282090765926,1.06688700668866,-15.6250756332233,-8.19382138151007
6.06319905190872,-6.06833571588299,-0.707646562995163,3.28281856203423,10.5396814883076
14.4400626727924,5.15737112157906,4.6442282909237,4.01546351988589,0.905170374017212
12.0863045545953,-18.5319566722915,18.1050215686847,11.6855088603973,1.66237993544283
2.02146565382163,4.83176183771246,4.49767719059491,0.064643295966969,-3.99439209639055
5.94725714965169,3.4380754416062,-2.14681940503276,1.02098285123009,3.37869582113475
-14.8378076286284,-5.55297240576992,-0.319228926195102,-7.83935785151889,0.523916613965599
-34.278769096384,-10.7153145794175,2.66704287428832,-10.4202187319386,-14.0259959753893
-36.9354757993935,-15.3689600072566,-9.3127463405702,-26.5637068186032,14.7805566126386
-4.17367593090762,6.94730278153832,1.49533420020248,7.33955786594115,-18.9362939582045
-7.45193813752978,9.60835267567056,7.55615530210184,-21.5091346863032,-1.27650805688911
18.2924523834401,11.7689847413502,-11.2101732876008,9.86975456386315,9.86593496716048
8.81922972294337,12.4444622363135,7.20079786919038,-2.17791857405517,-7.2302894121986
-22.2079801428393,-12.7070715789578,-10.6853570491464,-4.31790971905774,8.27226262957185
-1.61443280020686,6.76788259910261,-3.73063792437118,3.30732797127916,-6.84465806938404
-0.878255760981223,-5.34143247085952,2.58684119453623,14.9472290372981,-12.3522000279735
-13.915027394454,-5.46366407018554,-2.6607691725321,-1.81782835033073,-3.28457339660768
3.27681231551469,9.35048276042202,5.53921067110116,0.363854479727345,-11.7227461767458
-19.7026317129061,-14.2297856570187,-4.02523803437813,-9.70376095653058,7.62582371422036
1.74739964071311,11.8972655857848,-5.91119459399165,9.15376640692124,-14.1830097159449
20.3807874014156,1.17221239179703,13.5979029931685,5.67152213051786,-0.410990533494588
16.4366313387067,2.07186758187434,11.3126082653373,-0.944328506122488,4.1196505516187
46.1984144865755,19.652109371885,15.0048636717219,8.06212466898912,3.59687750363913
26.9864476346016,8.70781975194611,25.5814575619924,-2.20052360561852,-3.5125173336761
-2.85505029308829,11.7882635935046,-10.2982883985597,-10.5061469129775,7.33435138716002
10.897256289802,-1.61839157496743,6.43374174641033,0.700539033036348,6.83134078793839
-28.6345669849105,-22.387508825917,-16.772131823692,13.1943111511099,-1.11621694627909
-9.49811987469264,-3.39632270577598,-7.83993784689833,-1.71853885657533,4.82343167326178
-6.41778966376133,-5.91002155169177,10.9310374356831,-6.53434286391297,-3.03315689242163
13.1364960296491,7.79771254228295,0.434790683608305,2.10047577079165,4.74631748019314
-6.83850087757328,-7.19619113992542,-7.29208650182136,4.41897632611026,3.79381014419394
-3.92666514036762,-10.5554894793711,-0.713796833104444,-1.73173056295463,8.12773491419907
-12.3799984087452,-16.0018096855124,0.479658196580094,-1.28054297872892,6.49125440232435
0.0762427509064114,1.04128331698523,6.88925715224713,0.528381263782284,-6.63808949957016
11.0354555451479,10.4411823377928,0.731113551041212,-12.8805360217139,14.7637877449482
26.4644003377875,-3.13786405318015,15.7401875916098,6.85456575368045,6.24125580181133
-2.92237581542715,0.706229559706205,0.357779584200045,-1.56455186085655,-1.22122829429931
20.5501195567175,5.95815388843336,2.79862190628218,9.53635782701036,3.92742863415919
15.7624305939113,-3.30607809640618,14.6182457005398,0.928033257594008,3.1753618922982
-17.2297608963912,-12.0751543274122,-12.7164669527257,4.21623281648855,2.0917200236537
-4.26129376350912,5.29676071173088,-0.250887382963814,-8.70333973640717,-0.131301583305501
13.1212129513709,0.589196894276729,19.0499731795473,-5.59370070645404,1.37817354472021
-28.9522457505923,-7.30800020010045,-5.73555908121162,-7.57833236612466,-8.03964221727995
-11.3513494837904,-0.175037845606781,-0.10278038758547,-0.0411321136899112,-10.7621332153626
-41.3721001772688,-0.748403596174586,7.06780119469114,-20.5848405675695,-27.1768287544258
27.605875561157,9.33627794575954,1.92644150861608,16.3264608332636,1.90201910625465
-4.10885872267868,-0.771631652295897,-1.25541155319721,10.2158278583032,-10.4441064384591
-38.0109231649175,4.14948299919851,-3.08074881726964,-19.9139305569507,-17.9208229466939
-34.8413502929535,-19.0026331323984,-1.2760411213479,-13.9185664139865,0.0620228867143638
-2.47076136506729,-6.83764768632862,14.3042576714373,-6.01083401896565,-1.70704157149511
3.27731891031917,-13.6383025589968,8.41413439064072,2.48307930231153,7.53825393786843
-7.83196001661058,-5.50546103073087,7.50080624900999,-2.13861669840329,-7.45938023696874
0.578140361679056,3.18779852649562,-4.25945947200825,-2.74256928395063,5.45001439442643
1.73834944179485,-5.23207636960034,6.45370617208213,10.0881416435736,-7.81040685937111
5.57143333181634,0.718835554371108,-0.829569787646832,3.09029479100264,3.43925661378744
6.73275476778581,11.823305523566,-6.90084443404973,-2.08550159424163,6.15754612362366
-17.8676141954875,-1.50561348501662,-4.83293585492706,-4.66755352804211,-6.27879219418771
-14.6962818034309,9.12643102166819,6.44903654365142,-13.3347618667388,-16.5746964287327
-6.36972347840145,3.64373518657528,-4.26961208495102,12.3097831331565,-16.2689024063859
-8.6007638187871,-0.371848668258257,-1.02722882929888,-5.29544533953603,-0.391545844555866
7.2835845508768,7.49434715209583,1.02526728790653,-8.78880054476639,9.33738898244299
17.7239074047202,-7.1333517001049,15.7099736143138,12.9515708549731,-3.0510977969134
-2.78745216841722,-6.96501146973212,-2.41092219220991,8.88425715570655,-1.4157394187298
4.1833197529616,2.63639621969164,3.70993893837585,2.32381076465579,-3.64404593569115
31.5746829837623,4.50470591527492,14.9079205579477,20.2847811262921,-7.73608811992728
-13.3646004853847,5.19117745549161,0.172529444337536,-1.59609019213035,-14.5245633916439
-30.0127346066806,-0.402700301005453,-0.209997103218553,-14.2321789800353,-14.511858478694
1.9719476772872,16.3047228560971,-18.3438222845664,2.66420229123644,1.44073075510947
-25.3633981965184,-11.4515588373313,6.88462003921709,-10.658408927763,-7.80847696083558
1.76225466363041,-10.1784362496077,15.8516020065183,-5.98322993377959,3.04790500287549
-22.4486814527071,-16.548364420755,4.91678143344683,-18.3870809628308,8.01657575940608
-20.2206007888395,-12.1088828819964,-14.4428917290493,11.3768529688936,-2.23514919663577
31.4825465203117,7.62292067618971,-2.28681963742936,5.2022457882566,21.613014556169
-0.702660596793437,4.22416073243204,6.596452084938,-22.847609121102,13.183905112396
17.9989480079218,3.2257443315731,1.00551267290291,7.91551137716608,6.83354665430529
-21.5185961152686,1.75502625855617,-13.4648073181348,-2.53337468361183,-7.03445946267714
-5.22896858406715,-4.25572549714454,3.42106114015747,-10.5227672569862,5.93004213777681
19.6728587343074,13.4524220168015,7.63710470231736,-9.7945648354962,10.0784392346578
26.7620334098868,14.1353616941195,-3.52994251468151,12.9879345841143,3.12644359027567
-0.962656785936374,-11.782251110663,1.9457140029612,15.0610797253512,-5.51065488322622
-13.6182940217193,-7.21177543019679,-16.6004903729602,1.0429361966624,9.29559765727192
-13.7603423622472,-9.98223070050262,5.12102349324539,1.39663870430766,-9.48725769943605
12.0232997985721,-5.6941130860565,-10.4473444619759,14.7664916035938,13.621851110861
-10.0769353303303,4.27088310528079,-8.39731228520077,-7.3517553656669,2.8750699477909
8.02501609176007,-0.173702522236958,13.8950916050045,7.3637629953201,-11.7311267000139
24.50048460892,4.8488417376259,9.36236759342907,12.0010754717646,-1.05497155399536
-12.9598860144783,6.0677128561617,0.906455796167736,-15.2509037314277,-4.24807967568711
-22.1366501190829,5.947061541824,-6.19604534620634,-12.0229623842532,-10.0325855227234
38.2146442789564,-4.80412322017781,30.3060592717024,-1.52662036995824,15.0749451489133
-18.8256184823421,4.79401168409733,-9.26068421853583,-6.93338398002726,-5.65208927923632
16.0662394994575,0.425599979894536,6.06716658734915,4.68615442226992,5.91059198457081
-37.6850797340402,-4.01429992524899,-1.10113377097442,-23.543578202692,-8.29305034082921
-11.4165028160273,0.565488652201805,-22.0141823942872,2.26067529236457,10.1285217964813
-41.5526402000311,-9.62963729045338,-16.4887798056221,1.97465684587985,-15.1385958302609
-1.05958764467095,-8.23189910827483,10.5842923837366,-7.34259396109711,3.999630881532
13.4947629159589,7.49443995825493,0.113274349068833,8.39148016519465,-2.14812231186316
8.93290230593297,2.41395115459272,-7.38323043347325,7.21883677216628,9.17068251496416
14.3275797857768,-0.9554953911681,1.87103268671802,17.4492522030156,-0.691799615672415
-11.1669008930162,-0.0451769014629938,-5.49143164991189,-6.86175114877921,2.43082651415148
7.52475446107735,0.754093675239575,1.70156992535394,-0.066106491906015,6.07915501107128
4.26445774900424,2.45429367648852,-16.9955900440218,25.5874047852537,-6.55646057057678
2.32605498032405,-3.87477076930367,-11.4129693065336,3.80706333858932,15.8405115461079
28.5061311530138,4.53787509414842,3.38965009250515,-1.37195880021216,24.6824377391178
-4.42004904654641,7.55011951761138,3.64153703397725,-5.08546826568156,-8.05787419593354
29.5842064240988,12.3479994507902,-1.75936296187267,16.8921512604798,3.21824666341253
13.2461846964248,1.85320252156789,7.18004156601248,-5.13733047765062,9.946875305658
17.3648637515975,14.2610603375798,-24.7628025655691,19.6449507877602,9.84534465200011
-25.8578208948489,-8.2912765308419,-25.273273777781,13.9596648441012,-4.30725799422907
13.8102492505978,15.178767889244,7.28383880616561,5.59757202104887,-14.2928956000645
8.09080993602456,2.7330063080764,-4.69085510114011,-2.25053452296619,12.8555147522138
-35.2712574621108,9.49408155268954,1.35397014093565,-27.8778273766148,-18.0144209542727
-25.4720971496773,-13.3906273090632,-7.40459652029291,2.50739338863253,-6.33633388714407
-9.17494718159522,-5.82243542051591,-9.28302686768441,21.8829258109156,-13.8452567274909
11.9763418824859,0.759585495303898,2.45022067076961,8.61740357302342,2.62822579876223
5.71964596768543,-2.89789695466392,-15.2596321534462,19.7369491438053,3.78290895396811
-17.8543174148383,0.806816185232493,-16.4268248801936,-11.8852133387488,10.6899963817182
-28.1394241003618,-5.5589967630045,7.86435585407487,-18.5070801522533,-9.53476721079256
19.2830561294394,16.6140390403744,3.49845993291022,18.5614143665544,-17.8400885975368
-14.2564659328038,-12.9604378994662,17.8329324191827,-4.38954678716227,-13.4482025832511
18.6154580865034,2.10491984580466,3.65168468659365,15.3731829773013,1.02254801327597
-15.8690876972787,-11.7292575855326,0.910821850364043,-0.95838995355951,-2.48197404107342
-17.021622690918,3.1380177641909,-10.8654341436029,7.74949174901991,-14.5805578932057
-39.7596012267868,-14.4350331896387,-14.6778857326898,-9.7400180133684,-0.875927571520161
29.4499658954537,14.5581917962083,5.18461596933274,6.62643054599181,3.75247581593598
16.6963176619539,12.5641226108044,1.15581263748248,13.2034742239897,-8.51754142747724
26.4516178128629,11.4907923249639,13.2428730080242,3.5765418361951,-0.104355350889048
-25.1536780734815,-7.06127904884672,-4.80806631897855,0.630197331127215,-12.2836311343205
-8.03544323624673,-6.00694438089945,-5.00540315011872,-4.82449039501847,8.97525401913949
30.0865618025844,-1.4665040570204,-5.44690966727846,13.8277209713678,23.1246521631021
19.5498123139952,3.72453493502779,7.32333540954555,11.4053178325752,-1.52246974180878
26.4238671269247,11.6469472279439,8.22951195405306,8.50694010966024,-1.27828373598247
-30.4535534271328,-12.3968055916095,-4.10885458296882,-11.2256169743091,-0.479223556957079
-41.2433497069625,-3.89037218726966,-20.5738147840329,-12.5650437692604,-3.40482702907223
-11.6394804171933,-4.12817587304264,-1.6801749267091,-3.44238062961618,-1.80123072419931
-8.75513860200605,-2.55434994330064,2.32870238327913,-10.7285567242691,4.2793982297064
24.3008076853436,-0.54196251429455,7.25075849939183,1.74940864628606,16.2991907448505
4.26899193675699,-7.61245642183422,16.2593260262495,2.94626291736518,-5.28314733545995
-34.5255049180402,7.94123923450109,-11.6220857887508,-11.5386339853221,-16.4249465590705
-15.4383867924681,12.3372663442145,8.02602475115643,-13.6776657031872,-19.6936474775965
16.0635519006477,21.9470663878395,1.85233436975742,13.4512983344521,-20.3940553215643
-9.82488190275617,-7.42695220388568,2.15417566388394,-15.0553165834048,11.7702926665026
-2.63634541130695,-12.1339181855569,-1.49477310737189,6.6685476846191,4.67971928137188
-23.1882332502168,4.95445977546702,-4.95292552401588,-3.95095821986601,-17.392064001098
15.5987892656816,0.779111024468456,16.0065826106817,2.72590254982931,-2.67086455922434
-11.6388773844167,11.3030722466215,-4.14413404791596,-5.49804778814396,-12.0197263162018
32.921409794315,13.2641089335703,11.757578357104,11.5347755799773,-2.71174001251361
-13.8449155763266,-11.0179117466916,11.0702689692019,8.86775111013871,-21.3240428071391
-29.2369406282648,3.45366952899935,-14.0305873616227,1.74409748040364,-19.8926432010438
-6.33097184265595,6.22301883619151,8.5706115796382,-2.50795994228791,-16.984791570808
2.84693775527105,6.95925041539954,-9.01283860293022,10.5378794653782,-5.80064501995095
-1.58809904377858,-2.69433729568123,0.586825041517053,3.64689621165533,-3.61997681734708
12.6838999025927,-14.1996997490525,-3.02817296187417,18.4116328609745,11.65177794871
-6.77867228819625,1.99531574970291,-0.650108045443599,1.36849766353486,-8.0557339145278
-10.2105263553322,16.1925803584026,-15.0942119037473,-6.98447427869784,-3.10639091468216
23.8924846913695,13.442068061867,-1.26447783756681,6.96351312001393,6.23975900419556
9.67256073824809,-18.9380524330211,25.8115631476178,3.20938735136223,0.712986220175102
-7.44207324871216,-5.80432662177616,1.43704947805503,-3.06093873284086,1.5463459947349
17.7280576358088,13.338607922802,6.40006137697233,-0.169711598390162,-1.28856568670957
-44.8508405373554,-0.503932388904435,-4.89416169645344,-24.7980909333246,-14.3401387565879
2.46053178816056,-1.95094535596272,-4.39527245763012,1.57445460106189,6.37564342979566
29.7717051837204,1.77033358775322,7.79320778576479,11.4548989061156,9.53947110398504
10.4360781822613,1.39260073347969,-4.6675553818436,16.4960523436015,-1.50794967301239
-25.7745826555258,-3.93316671639599,-23.4892192402178,13.8331572962545,-11.1304797588372
-8.78191186586419,-6.14022347638479,-10.0850902148144,9.74292166786766,-1.51226920125065
-14.141912062058,11.4357572816057,-12.0637702944814,4.79959165634483,-16.3737296673828
-10.0022696150502,3.60571877456226,-10.7348045202945,13.4259208978271,-14.8890680681253
6.84170218065566,-8.29563653996639,16.606925552964,2.84186783190094,-2.72704748297693
-17.8688793130534,-7.56460329703435,-5.9465740047534,-12.8382540679138,8.84851680945225
5.77261376834415,15.4486235481649,-2.21712249033557,-2.73251073840906,-2.87363077203804
11.7948206342206,-13.3672076259596,24.5319713297921,5.1264386098754,-3.6782908151392
-19.1631247304818,-6.92428245860066,0.399732674894899,-2.67186451890542,-9.03849740970621
-35.9081940159639,-8.12125800489179,-4.07250703012583,-11.9336845369924,-13.0256764028886
-23.9840670949503,-16.7876405485771,-9.53599689401525,-3.74476344457373,6.70605271541991
-11.6272914536446,1.25004020006575,-20.0107562107499,11.9185510431525,-3.31867661351308
-16.2778823759649,-7.85065208858209,-15.9786556877283,-6.43021746047744,16.5474050712876
-32.5501299515333,-32.9395541497165,-0.462926695056279,0.543675461531143,2.59680715185657
3.179544016841,7.21387099639161,-2.64964540674732,14.1516652019721,-14.130614704295
1.77780062455045,-3.63931779631431,-6.64082145438101,2.78014131741526,10.58881676405
-19.146587671454,-0.618047588212905,8.21482998623728,-10.5101392504741,-15.89438224092
-25.7025944852953,12.8827349620159,-3.89502657200353,-6.31083388124934,-26.7817689289977
-24.635240544682,-19.0992675510997,-1.88826217235686,0.435646448750287,-3.26260612407035
46.0880689543624,-1.99041939081171,23.0273317259273,4.69039374045723,22.0519840943099
-51.4053551379962,-13.3628419581085,-7.79879840081216,-6.95756729097144,-23.1939631234877
2.99541239569773,-6.30157403023515,-5.61110596598985,7.0178173645033,9.05828623513462
-2.21851830877063,2.47742686288267,5.37778688639386,-6.83448170872742,-2.77313475574878
22.7575870393294,10.0384291670986,8.53652506416415,-0.285091178750455,6.28911613249254
5.37537987735092,3.084049532907,-13.0949200936299,21.0594596166129,-5.18602285273064
-18.6813845162902,-17.2585344385757,-8.28371477217301,6.23636281307454,1.72825833077159
-27.9751497198136,-10.4126564868947,5.61428127542381,-18.6083679981595,-4.41273141290777
-9.19598698175776,5.23648709396014,4.59449310142522,-11.1626640926601,-7.73185474444773
11.5561664543782,-2.5715602490795,-3.50050043663721,15.5700732395286,4.89963322689932
16.4652258843268,9.94769676550471,-4.40433489921523,2.16925163380621,9.6557411512861
-1.05830004025287,1.03754731199349,-9.48408586874992,8.12640821993616,1.43992771105785
-9.22719009433251,13.3146150377718,-7.46206035062916,-10.1510867723603,-3.98019322633778
6.42265658470715,9.82493142661086,0.127975739996513,1.51765420853186,-3.70892527061556
13.7005405847401,0.914779803652208,-12.0605301762075,18.7759234370145,7.65114249687523
2.80060346297073,-8.38475414065978,10.1173110585126,7.44197863109861,-4.17093467142335
5.79587842330294,3.42877687680402,-2.86038860235381,2.00854199571589,4.00597315365678
-4.1660031049316,-7.18957118735078,-4.94571503764192,4.95420621585144,3.12134782266738
-7.05764186352812,-3.29721360046744,-3.8133940447803,-10.7957459913905,11.7860177099581
-22.7031157064192,-12.6884443968531,-14.1280337843469,7.64858730746927,-1.45685833489294
-9.75122289535869,-11.6765991672436,1.09347200769079,5.67880581365506,-6.67407270465607
-3.54735184261462,2.64438147244558,17.9497383187325,-1.27113599531548,-22.6912444958758
-26.7511553440334,-3.66007804390585,-19.1068084567991,-3.2419463868814,1.59001259196803
1.46595625520943,1.42619187045878,0.337520450263594,-12.5858572633816,13.9655468453937
24.6711905919731,6.51633422282445,3.61457681852634,10.483227653868,7.22611744311559
-17.9438523018534,1.9840960449543,12.5343198350271,-27.1753525813799,-2.85330438386735
9.61235568904098,-1.16356861636053,0.0193511887367889,11.9423035474772,-0.298499102864783
-38.4336663547933,-15.6656932877204,-11.6151090582833,-6.63603260922553,-2.12396895059261
-17.4071993383623,-12.9534462068255,1.78895599926374,-8.60037063353638,3.43070185767458
10.6856960109842,-4.65706587973778,17.8313596402899,-1.25052848198154,-1.437722401059
11.571175522971,3.22187400926239,-2.48422114800722,9.77647891134004,1.68552400973665
-7.41192751838323,13.1076632288246,-16.6375593384675,-0.725950701423414,-2.51679284822839
-6.10889433647143,9.25344046025779,-8.07735080401772,-2.29738396512502,-3.22897074583387
-8.06812635976727,9.45801356632555,-11.7560612647865,8.6819240932348,-13.9190321196762
0.341201937457954,15.9491859620593,-5.73163199801496,0.77508638114154,-9.86464355995798
24.5236112538604,3.64738715465499,14.8198098896908,8.61535665643566,-1.49480681801786
-42.8444944492207,-2.20623856295014,-12.4006497679997,2.52732120457543,-30.0114709515731
8.89245941249647,0.727710289509032,4.00172705362773,1.26633601450142,3.7378801344012
1.81150635807059,-1.89467802084178,-0.762411792722524,14.318788704018,-9.39023482242093
3.6652786193563,14.0712954772483,0.18209535658359,-14.0629796808298,3.96624007831899
-15.3692358476149,-10.6133760566119,4.8546195428334,0.114355284238734,-8.15230498759746
33.5183660034665,11.6735346595294,14.5902796380376,1.73437776399485,6.422338061099
15.2483319374784,8.93653208794926,14.3475081912439,-0.51812038199129,-7.47022144380357
-4.68085598664929,4.01342125791827,4.35491070149843,3.94764288475638,-16.2470461349958
-27.8578644726578,-5.05286158136018,-2.9632845606063,-17.3612210540701,-1.22452546234298
-2.731706914797,-2.61843225243811,-1.77161053805938,-4.24733935204997,6.10371587620067
3.2094088834134,2.46469041206459,-4.46875363789149,-9.2904290487167,15.4809001960363
-29.453948921537,-12.1587935942362,-7.56669895058889,6.44327054450491,-14.7374761366833
-6.71858348989582,-0.530538406977634,-4.73866439116526,9.59071673726809,-9.93966972778373
20.2111845313639,-0.093703316476999,1.26486759063097,4.65773964741724,15.9365995571343
-2.62867408189326,-6.53945666758394,-1.11073914301593,9.22935964801434,-3.12545106404525
1.26599296109312,-0.251766795053556,2.32150502009944,-10.1272194899203,8.60693633173219
14.3589250653852,-0.123821345328127,5.2899714236518,-16.3517229547216,25.9246123657905
3.79763849903405,-17.90592246282,20.1783190026029,8.86515643170107,-6.96969285496415
20.1000539693466,-4.54476953354347,-2.67162895994606,18.9280120622244,10.5086096688272
-62.4349948809829,-26.6612167787118,-18.3680070187179,-2.68892950082099,-14.2369737759109
16.2869256107889,-5.8439406189761,0.396064915166149,5.69406343833671,15.7521590718612
3.8710785610043,-11.5058586086502,11.9030356232185,1.76156801456238,2.98859762492743
-26.1674566563202,15.0549771060604,-28.3790409960907,-1.40603667539327,-8.87093248282036
-45.8818554076012,4.87749501751256,-9.35595514218893,-12.0755237046535,-28.9876261271911
-0.0694192087527982,5.24843847527523,0.107365072058441,4.73265240314527,-9.50104607728014
-30.2268127470495,8.56639196189126,-8.02998387499982,-12.8081654903224,-17.8437608861323
10.0468839336923,1.28642816530976,12.1825030163656,-8.26767665374559,5.90977506906875
-35.2286451009388,-18.3147373043012,-16.4033774310909,5.54021962180982,-5.00768139986822
-2.97362829135149,25.7686479195754,-8.38268372568795,-12.8022832673278,-5.86650423733718
-8.46437774659779,3.31846089257099,0.978026104918653,2.58652219738202,-13.3186039117128
27.3879787867669,8.09692229457067,2.61037286679116,5.16401796438199,11.8724540654563
-45.9403172964885,-9.90012615222683,-6.83230143333113,-2.79041096409384,-23.7252495367276
11.471287486215,-11.097309589603,2.85839271724224,1.05415082316424,19.3480513605869
-47.939838380875,-2.34525121357595,-28.648675094526,-6.38087243109786,-9.78645664763362
0.99726303277057,-3.29495269821732,0.464434635898914,7.28313944193791,-2.21250840566666
11.2559619494923,5.37371395221105,-14.4353654925702,9.62442318359984,12.9384263508039
22.3359748924247,3.68123999735099,6.93171429183185,3.48874745385157,8.55021397853786
7.99701309896657,-11.6891939050249,14.696058123086,9.30284396611955,-4.70404637144763
1.41012265541073,-10.1271852539401,7.6744444433193,3.00327840270363,1.26549449614168
30.8544056579664,-8.18580581343756,12.1196077864288,18.6595902669011,10.6751304106854
7.29372233226392,3.96633770883163,11.8707072855091,-5.68378311449333,-2.73991166538738
36.3034828342112,1.3883690459995,14.2264742071356,-1.52626381417886,23.7105435340903
9.49336845643439,-4.07150338798412,5.48112192180483,12.8406341771856,-4.00587231539612
-16.7634663432908,-18.2398720813293,-11.9189044664423,8.08326655097389,5.61275530082482
-18.0179807471463,-6.32959686463365,-10.5449669616896,-3.69496808368163,3.05021682613273
28.6835269071252,-9.51607447549329,9.6642981917442,12.5353416039067,17.1009429326089
-0.352341583936357,1.64818211373671,1.6101025172893,-6.89908781426105,5.50481437949232
7.1490431065972,-6.07667472345124,10.9961124917111,4.76382329378201,-1.83614372492507
13.9641528228794,4.81956432443162,-0.466245989095936,5.2745617776563,5.79109184259032
7.39366949069853,2.26342116698667,-11.3742918283573,-5.93363599600219,23.7992031166439
-11.6024187978956,-14.7943378070019,-1.21455727259641,10.1892513240036,-3.7321348280823
29.1834122001238,-3.57968836033803,12.8416725499203,-1.66935728750728,21.4713342846294
-6.35252832146512,3.03660539958427,-8.82180157557895,13.968075241105,-12.220420803237
-11.5762093391005,-3.81584695237996,4.88774247050754,-19.1256615264727,8.95547213719665
5.57396209261728,1.31228739970487,3.79926885302667,-3.75463573323688,5.3270672405454
38.6581100494762,18.4877710962468,-0.567311002154988,18.3435278073801,6.29716005725322
27.593346585459,0.229576618416404,11.3897613008319,10.0273455807615,8.50641833262144
-0.918138111378081,6.31523916231603,-6.70332861467,-3.96415226131918,4.65687317255695
-12.3701204636643,20.1357839196131,-20.6946860469741,5.33852012544446,-14.7873555416031
-20.4519663666962,-10.2342946156924,-24.7427567513779,5.9882018088256,10.5352074775659
-6.8408928356509,20.0035470337563,-8.63140171947792,-11.5426996522756,-5.30686835992811
-20.3364391998038,-0.0834807886042777,-2.95377223943005,-12.630876370858,-4.42528821221705
-1.77356147526033,15.1247156589969,5.10599341103757,-8.44823235474436,-11.9154058099576
29.5600159390409,4.15126339187038,-1.84092068724876,14.5715203262647,13.5603418343864
-3.82161126524044,7.55312773481825,-6.16028227524436,1.35562147126666,-3.7175499844531
-7.67609746666469,2.09029638726734,-1.54896712526242,2.58799540321431,-7.9344410441226
-51.9587775257122,-15.1908064739585,-25.151592605597,-11.1511271656326,0.884768900233902
7.08948540168737,2.01873429188578,-0.0803616917008505,14.0451247833021,-8.35589519155858
4.4723854928043,1.65126000677531,3.60059453245471,1.89128788922082,-2.2958600375198
19.6786821552126,5.90557267209019,5.52139094504267,5.21415387824553,3.19668593421993
-4.69384953664722,-3.01459738941026,1.93729792152177,-2.14082236951004,-1.06637166272529
-4.57394832353677,10.8706446219161,-10.1841970688326,-5.63124252773638,2.04220039898966
-26.0754253497036,10.9625729436376,-15.3538945322705,-12.9336765365245,-8.54408043697472
24.0577386739184,-9.93422626281277,19.7831011570803,13.8292017682132,0.450210334623288
0.0505262744864097,2.36522356989205,11.6381557102268,-6.21589907161668,-6.75007718875574
27.4185542241222,6.00231110631921,22.9195110417283,8.98461225948669,-10.7493235233376
-0.423282643546372,13.9418113986938,-6.48575863647973,-6.8356469957867,-1.29431194358325
-17.0707794557661,-11.6159457938586,7.45581009416242,-13.9008762353773,2.3600708318495
-4.94105842345426,9.25327846147977,-11.8185707352798,6.51927538957392,-8.67383463239633
-24.4291487503767,-10.2701668348182,4.64835869888772,-15.2003681861845,-1.87651262808598
-23.8566392324754,-2.26757348143734,-16.309958800756,-2.56194545056677,-0.146515234893533
29.187057851804,17.4090267648702,8.28514901824706,-4.48360159193714,9.59673516176748
6.00730430741411,15.1984710437461,-3.42532202137556,-13.3571018715687,9.03730377134504
-45.1030424591149,-14.0202020082773,-15.6321827275112,-15.1981541983559,0.755699314651345
16.9196218811137,12.1059451117422,-6.00660926249665,3.58133721326262,8.09399112848542
8.34164800761561,-1.30282218158832,22.7589548724898,-9.04024957425048,-3.56409258715632
-6.03042221644553,12.4597293303759,-2.10733151733887,-12.0050049992457,-2.40329297260196
-11.4485223168952,-7.82425755369325,0.688151065699741,9.17821577903892,-11.8478380146648
-3.18667845473482,18.5653065721315,-8.81163882589312,-1.56393182556314,-10.602409844762
-5.23534055308257,-9.13911600342513,13.3627306823373,6.18307797512676,-13.7397035137878
10.7506950585072,10.3221313906224,1.23677369006072,-10.4508404523797,9.92295023234732
15.6817484329537,12.5756177712663,4.15329402626147,-8.81009737849665,8.93396218057809
30.6816532818402,7.30068000536831,7.49444581260583,-3.54981359489032,20.8608472984851
-7.0476348259698,-21.0777148010888,8.75359235114228,-9.97148409415135,17.0711308272893
5.63111826106898,6.88380949416296,-1.8252823280447,2.34402758746967,0.592708939936986
23.0257522842341,16.2445414036648,-1.55069140924313,-0.342559186935443,10.2917917524267
-33.550041681068,4.10186018844403,-14.026366687311,-14.9738940128871,-8.56611435499118
3.10599414588969,-0.771966668613091,-14.7516747792369,-4.89466993858613,25.79397732905
-38.4907064871162,-8.1509507796712,-16.8513256409136,-2.72985853888723,-8.21408084145984
-22.8979599693302,-2.16503036243104,-1.60850050863585,-8.39817383113063,-8.55084679172222
6.27343508510999,-2.53867807352685,-5.62044886142716,2.25420593743411,11.9285866278219
-13.1261103702473,-13.5102775692614,6.98777914757463,1.07536349100426,-9.19303267773536
-9.09949299229847,9.24694059584568,-6.96023468026307,12.6633042219787,-23.0135736570449
-40.7645819911246,-4.80645829486403,-1.57565322835292,-16.1040424304026,-17.7888615051583
-7.04283366808544,-8.82211063597178,-0.789369963651109,1.77903016364561,1.99551334771302
14.0633188884957,12.0392973828447,-1.23303280049689,9.78727745053307,-6.02965445328578
18.113016276916,0.0484522890923556,15.2616226051586,1.00981674182087,2.82976271445661
-10.3473181473049,9.13684238985418,-5.86754983568228,-7.7101839043977,-3.60749785875947
-0.102832969014108,14.6709440483529,-6.84618599007986,-7.29078305469202,0.787864901848458
46.8688516838871,22.7420574194004,-13.1326219446563,12.6325787940863,27.1647096936594
10.6090614031556,-1.49058530904853,3.1229226639797,-3.91204070363684,15.3398243115402
-13.2552048256945,-6.53790682391044,-0.512496762741481,4.61619920492056,-10.7736016086636
-32.3696381298927,0.51884285814326,-11.7549586680936,-9.49061484509027,-10.7962519507037
-33.0065086584752,-2.35922964525858,-4.42784017349821,-10.1608475581257,-15.9933794654866
-13.5275657124544,1.050065161011,-12.7241495994398,0.849250087481752,-2.28678625450815
38.0958848762113,-2.24988127032964,19.1963066080618,6.18715044706689,16.0645563547155
-14.3142815968701,-10.1743624343905,1.62517807013047,-9.57323840180351,5.61318337978906
-8.08862578818312,-3.72063338990468,-2.24397796242526,-0.699502660473181,-2.43251646805386
-43.7655203411324,-15.277862428019,-14.8957672046703,3.92878884169479,-16.8058518418732
4.88023274126879,7.87263548727646,21.9375842860893,-5.82865582916652,-16.8443603565105
-7.59433429837905,10.6033072339828,-2.48420624565076,-13.4714453821468,1.00030758902988
2.23973957772468,-10.6274503976555,2.15765308022679,5.55462169694045,5.61939008157645
0.784848661604935,7.64853794637149,-13.9625464992653,8.38495322035421,1.61022488485841
-8.55427418927154,-12.4166242161054,-0.185510298217742,4.55670060434828,0.324765807136326
-5.49546283603372,-1.13295991985833,-6.90793873827896,-5.44275045357944,8.68791475252961
18.6024433368538,14.5992393505934,-1.16841727738254,13.4682758613377,-6.47259970654848
-8.94663382414107,15.6760143583519,-14.2888622850636,-9.10129255182993,0.507330607496005
24.0643246017222,14.1457947949133,-8.9391475043918,11.6711949185086,8.71513018940262
1.74200521375427,9.78939530450164,-11.8245648965749,14.8810431273944,-9.07015878891201
13.2904157633563,7.2724030945805,12.7263277326399,-5.8355882753996,0.636466940700111
-3.84393648522526,-0.710709198472853,1.15977929788371,-8.62845560288309,3.51609081808025
23.374078845552,7.27993513861586,11.849420522711,13.1203624820247,-8.15230671901905
-33.4215695667848,-12.2398571535631,-6.56207456782615,-17.7819363515223,3.23724338427908
1.41637025323342,-1.22875910881845,-1.28164484816031,-1.79705106160743,7.04306473218997
-11.8965262747496,-13.9080208495091,-0.886185635176935,9.43567187898726,-6.65095135179382
-32.4285246107478,-23.9230837143411,-0.520679033665652,-0.188757128747399,-8.07227083698558
-9.18618126252075,0.100886349025866,-0.222820042665962,-6.03592871789103,-1.1252031105579
8.0370993343667,4.96179315912281,-2.78114730261293,13.1134877334529,-8.31676327123117
-16.9154821806671,-12.3872651242185,-9.36351209233461,-0.950245820253538,6.62427978037328
-25.5717844359076,-1.3309171936332,1.66743916343884,-13.579152353453,-12.0613329787955
16.9034906353739,9.05897904322416,0.993780641296316,2.4586659332119,4.56624194265147
-37.7324070535118,-21.9327256405986,-23.5255443090425,-0.625783985947596,8.62026352072269
6.84306443384132,6.90237396236924,-6.13370683241277,-6.35310722109286,14.0723736460618
-18.630774523285,-6.54915620919248,2.57507419449551,-6.5588148729243,-7.85436200192986
-0.827286650053787,2.73328434332926,5.00567292556881,-11.1210490382319,3.14843164878699
-26.4108802999019,-2.46268149796062,-11.1237289916556,-15.4838795333162,4.58680301321436
-0.778546491398145,6.10856130078045,-0.663870586282395,3.99774518736322,-7.84076837309509
29.2352943247383,-6.69833020236745,13.1736253790022,7.38029577644603,15.6456912714809
11.0825551234191,-11.1920637034365,4.60709324466494,26.0536025839765,-7.97685721884724
16.1709782164493,-5.29096789409555,19.5865292893978,-0.377256732171993,3.51421257510892
-4.53797414565356,4.32001196546187,-3.52085152790608,3.04951208296606,-6.63313089315965
40.918956634841,15.2273540039875,-2.54682801304574,6.51572248975637,22.506501039629
-13.6141455582098,3.09194141097996,3.30450860253861,-10.0163750495324,-7.74624273576791
-14.9269618748928,-22.5003152671153,-13.2456926268716,-3.44019156905728,25.6720459033937
-17.9767721486124,3.62913597748757,-23.4026770369373,7.92070725971624,-4.56137129923106
1.27888217179338,-4.01271814284136,-9.34140286772787,14.2739369551446,2.23518750198095
6.21733967723561,2.40539705584745,-15.1605332412141,7.39158767120561,12.6222309212035
-50.5329066315079,-8.14861274999446,-11.4708870622087,-11.1714692127557,-18.2854759800811
2.85508352665441,4.68799750356977,-1.6635260906762,10.368523794381,-9.18838648392102
-20.6403289221672,-6.95576198950979,-7.59237229868029,2.79585689217756,-7.74933996213234
17.7742468401116,15.2310382990086,6.11560698242412,-7.05030990593068,2.20382326402399
2.68030161578705,10.1675040182991,-10.2024889283254,15.0581626546792,-12.0194795930909
15.1626514663387,-2.30553133561327,-6.95492758816482,9.30222588895191,17.330001566253
-3.81670749534826,-14.6317577853223,1.86553624432676,1.4741814234152,9.15811645377463
33.2531555182845,1.4700953610462,-5.15654218683564,19.9791992466195,16.8085044702976
-34.9563724379346,-19.8301114259117,10.7527370998873,2.255350401436,-26.1534427026629
-9.7309584219399,-3.29933373237827,-1.97723534961156,-4.38865623899944,0.221905878237534
-6.3244658533249,0.920469584485345,0.745771643970172,3.14706113140861,-9.67776166552067
-24.1905892124097,-2.35148027933748,0.661201464544775,-6.70190857688141,-12.958568320885
8.02762269013114,14.4784359958241,-15.971803435698,11.2854894332263,-0.600142715534983
32.0371525192531,18.5978592791349,-21.0418833680501,19.8183620335294,13.8534749232802
1.74707426131597,-2.79815885589118,0.261838960669782,-2.22459728242644,7.96886247006142
-0.0980030331868829,-0.297808845749027,-2.55430271896484,-5.32214394172695,8.71171596743209
-2.09487005464944,-0.674814037102158,2.3815528296602,-13.4175377128514,9.1357122464219
-13.67184035387,2.22803311412384,-9.02589530827695,3.92983060999303,-10.565367989908
-7.14391501933649,-5.83654636596772,-5.88693399476052,8.64377340251358,-2.96878601483924
-9.60703344320276,-4.80203121476991,6.8660521660986,-10.7562585116963,-0.716904251118632
-15.1838824121295,-17.4458867052028,-3.4296126112294,2.32485389062732,5.05454102244015
5.06504817032424,1.38825608170347,6.66842409878654,1.83241837319044,-3.7869047626105
3.08707674438397,17.6020061658347,-10.6554496145423,-6.40527612233035,2.72846500969649
27.2904643727605,15.7454093141398,-8.18700514490353,6.25625589382097,13.6375923457129
5.77135629200807,12.3650359115652,2.51086643763747,-13.9881025838152,4.97805015688798
-11.3825619731226,-4.62908878496352,-4.56145785363435,-13.7048022629009,13.1252337441093
-4.61085718481831,-4.42570441249897,-10.8598472766783,-9.49264548793987,22.7356467530529
31.6384343012685,-7.83859732967993,11.6563907616814,19.1731522585559,10.0866666100778
-17.7925126500739,-9.03769896263447,5.7470819516193,8.31211327308406,-21.5119470976108
10.087657607356,-3.89780742324473,5.64807768890865,5.6312346421945,2.85519937892565
-17.2615124646571,-13.0471075952338,-10.5013053457639,7.73010462387685,-0.314063630744383
-20.6231305389472,-13.4512397000385,-4.12017145938798,-1.24486387584532,0.762509438999668
-19.2924677677361,-10.268368715119,0.980234496500573,-0.318207764929909,-6.38401673376287
11.9616808644769,18.7070321892127,-11.023607201202,2.35569973652708,2.19487770854949
-10.2345034570282,8.5138670920047,-14.7265487241701,4.60119570882301,-7.83039650477286
24.7621561579055,5.82842843547258,17.3458066368674,-0.236920358254567,4.27743681820505
8.94237398028305,-3.63383782583093,5.04808991203117,12.0307589475574,-3.90096456816425
20.3803547108969,-5.23512053036579,7.12583967638968,9.52200451594714,9.23557116379324
-4.70587307851494,-15.6900158482832,7.28789876077191,2.84595609500699,2.08409363141809
-28.6125064799991,-9.09930028531236,-15.7505340169633,13.1470892338378,-14.8178429845087
-42.0811440989296,-5.11683902672179,-26.7805254885417,-4.31491685340738,-3.88653677295262
-15.7028400935723,8.47628128201008,-18.4591827704502,-3.635406349921,-2.37722056745357
0.439615124567222,5.29434623567787,2.35144669265052,-2.27234515415099,-4.45653932975117
21.487087363557,16.0131347792248,-6.5042625272799,6.28057633953864,5.04162461444917
16.5012969620787,-5.58652551520097,-1.48693879702877,9.9732589382815,13.3353582800801
-30.044157482155,-6.02687399113467,-9.12709697430403,-8.2959037297082,-6.20018787215675
8.42343134302815,12.416885906465,-11.278704671518,-1.35504060703942,8.36397291997729
2.13799110376015,-0.970243406916428,9.00067344413541,-2.09518662473791,-3.26776740392333
-32.9113424931785,-3.38076818065667,-5.45297533840301,2.04147620872713,-25.1646042519364
-0.315747988674808,2.46084422811295,6.66047492673172,-4.76028363745722,-2.78863220843314
-23.947153572613,-13.1437671136648,-12.7229493696902,7.69202000663151,-4.98976881627384
-40.80100731814,5.98899528263976,-13.7032997276787,-11.9796356236007,-21.2255366419055
20.841278916113,11.5658011401376,13.0021490486691,-0.258213881703272,-1.7746522125645
-15.0243584718792,-6.10717697044804,11.8216053608351,-5.19388022674969,-14.7698371484699
-12.0099867538951,8.44214666708365,-20.8226022650697,4.89042423050954,-2.6284347001424
5.85039670608187,3.45403523053251,8.27664829412224,-6.84800673938695,2.36383660647338
-8.74220344560904,7.33132052907272,-2.31317901271949,0.863445592805336,-12.9754207928838
23.4790823169453,18.3936788182672,7.71173695682643,6.56404469927639,-8.12766693474809
1.37287362662473,11.1657736221896,3.31991872516188,-13.1825438920844,0.95999736408162
-51.8749217731017,-7.95024723082418,-17.4043856937551,-6.61256253616062,-19.7835672605826
6.24692266805499,4.86756377439254,5.03940232223049,6.9797741533174,-10.4446320861258
16.2576963080306,-10.708838585083,-4.34587891912451,21.692400063739,10.8747735951795
10.6577409247441,9.65470693561132,-15.0496431994317,7.7072874031133,7.15837145548485
-7.71686854579321,-0.525287737463073,4.58879880243682,1.89574028483462,-10.8920415118356
9.08433278768397,1.71138157025351,0.812614377304978,5.03218339661754,1.99738604199742
16.9336083706047,3.15781792376365,8.32369616094295,10.5549863430049,-1.88367325079903
-24.5015442176813,5.8591963335005,-2.82046428863844,-12.6551099270574,-13.9992409663879
-11.1119362636239,-11.4126881702542,-2.62255941291294,0.302975321545621,4.67370534695061
15.6273682910621,-4.74456874104992,2.65383128768959,8.70108142947036,10.179070457081
-17.8701486798718,-12.2588825665086,5.38122489350203,-7.52749894061964,-2.58845947114046
-8.69922524406516,-2.99128509137808,-7.88031675014222,-1.3531044911386,4.51536279073976
55.9021116152243,26.8516478280598,5.55371582779235,17.5669620681157,6.89729579338553
12.5956000502493,15.1310298643199,-0.353192950929326,-4.60818517231071,5.13100970841089
-13.8336588977995,7.90752594909515,-14.8354286585675,-5.10231775764257,-1.18081280861507
-32.4701592357741,-1.91356075288733,1.18088111925573,-12.4665689302974,-18.0720094080351
-2.97352122080726,-15.1664178595956,-1.12192579437511,-6.6919883762183,22.77952771942
-6.77394011390103,4.87682923148274,2.57830429374607,-1.88734481197062,-12.6323788833445
6.79412485024712,-5.84321648967951,3.11896201368129,-6.47771915330293,16.2864396504194
19.2106986969864,10.6164907574644,0.0235829219808649,-12.0661408138412,20.8184919371751
-38.7304215758574,-0.932616894928106,-19.1101214269981,-6.50604309805203,-10.3438470056483
38.2927286920349,5.40291809943334,19.6329734156053,4.92124856950732,10.123287510125
-7.78950529218496,-1.27488918502242,-10.3284173455337,5.60389312617886,-0.226084727542095
8.69559496256674,1.84839010951807,-0.934210646311163,15.0804748408346,-4.9270432743567
-14.1391566499332,1.6947324377294,-7.14652045266222,0.632842706715471,-8.43001994559733
18.9050594029936,4.41959220496863,7.1867884311204,5.41214589531402,2.17664318148974
-21.6834738006181,7.208903492066,-7.96093965555116,-4.98681422053291,-15.3635157660717
-12.1481599942063,-5.54792410934781,4.52551805390392,-0.964032952795424,-9.22295128307468
6.12539533078719,0.27501032638357,-3.71709222729763,3.56883106261657,8.33824604326715
-24.5886898321122,-2.73556918581616,-11.5399309650115,0.801738279742393,-8.787219140062
23.2441950975322,24.2952159235828,-6.2713367285125,-4.70645419694326,11.4763150841879
-29.5050614028738,4.51221435875121,2.25822106815397,-28.3228331884566,-6.80220311228799
-22.7705681439387,-13.5084607725304,3.4255378547684,7.29904274274282,-17.7926876199547
-13.268272938043,7.77405296552063,-26.2610295160822,1.56116227702387,4.83502257922581
1.2577621870723,11.0372978073553,-9.44161832950089,1.7202451901193,-0.904606837581177
4.6468760790192,10.2041860591543,-6.01714892742682,-2.18200652758811,4.52562156060136
17.879196399218,10.392228769247,3.31860849267715,1.26068717252667,1.96004139767167
-8.96232967456626,-7.94615624782018,-3.71314162177117,5.68559691249886,-4.23611377729439
-13.724312063874,15.3691074737519,-2.82615946753505,-23.2593173265092,-3.27043752098393
1.87451224454011,-0.592873836714,10.1966507093104,-9.3105161503961,3.3052541172489
3.62581502596053,-3.71437935210189,-7.8313897986345,0.125739361428124,15.6037675162362
33.094882413877,2.31570563868668,15.4320536057043,0.777422822635716,14.8583416878985
-62.0401348893224,-5.58686683028711,-29.1696924586037,-9.55009307682132,-17.1086886805399
-6.01094815371757,-3.54417123814941,-9.30845339728629,0.554270094908406,5.80010551226578
-18.1196858164251,-5.49798942990116,0.112378744961987,-3.58993166811087,-7.72239145084262
-38.6430172099192,5.93278958489843,-22.2000798400892,-16.3615806928103,-5.03910389547104
33.7190763914313,8.39824380691359,16.994222827792,-7.30807315282897,16.7812970930173
34.0384225669638,9.92743929363198,10.9391120882564,-0.950840785522363,13.9140322675682
11.3345711519134,7.5671381192862,12.1003555863363,-8.04223687989836,1.15690499926008
3.13395537251894,11.5108782450268,-0.937465908618329,-4.94263122666145,0.0982978787565394
-5.23722497653404,12.0176690895233,-2.47561256475804,-12.8880306879128,-0.602661528574309
31.0922785539973,11.2632461705475,4.57751637202808,7.76508427316894,6.48117927997519
5.24350483808326,-6.77469111528086,17.0063433354017,-2.17545857248446,-1.79634764286262
-20.7770747312964,5.14144844255712,4.43484326441134,-23.1843935284791,-4.27936673680538
20.4645812998443,2.25559089441921,13.1760907389745,2.95346204104332,2.60174853604557
-6.72049580237641,-3.66115273729753,-0.225282797141474,9.69551657912626,-12.6721731850201
-5.96162950248027,11.3691462268557,-5.22391339290967,-5.41940052840896,-7.14614104880899
-69.8055903669049,-21.7110563298995,-16.4602785264887,-16.2881241155491,-14.6147643935813
0.393802157355233,2.14233093150064,3.75947367100025,-1.00696317643101,-2.83425689160443
14.4022889203166,-3.13448028673606,16.1203368741118,3.85862238188115,0.199053741044434
45.9767081286068,-1.35064859530457,35.5249748933774,4.86718586894753,7.8394259267768
-38.2073802937446,1.10104719812568,-18.8670481231935,-27.180463084376,6.98336806333318
-0.301023196900814,-7.47414602143455,-7.38468005591908,8.34095543819563,6.1798989882723
15.9183034583468,-7.73521304125368,14.3053406898046,7.27394207224446,4.15769836211716
10.0109723549117,-9.69293592035573,3.27267788249513,-1.30288549958874,18.2855571122024
31.3446059122163,3.68188208338489,18.1272166010984,15.0167813823559,-5.31097672603416
3.40254304580435,0.660134545902375,15.0918616679371,-10.5446923060079,-1.75272273761232
17.1448446530713,-2.07444449295724,8.76420441253227,2.82603082031399,9.05511208807483
-7.11096490889843,6.24212667830713,-6.11949063458012,5.20375177537967,-11.173726721252
-10.8027252605047,-1.02120969867982,0.365943017246045,1.46244253372406,-9.50702107835946
18.5682405455404,12.4927657705071,0.588413727044209,9.92267429168014,-3.86490309393612
10.9487578208196,3.88521520389481,1.99842744279739,5.25097724456607,1.3092263457592
16.4258303716574,-2.75760949004347,3.78725792452946,3.28054927189993,12.7025388561585
4.13457576459813,-12.6800551574867,4.42196925306946,-3.49444342329522,18.274045966942
2.76123057817797,-11.8548312226224,-2.80678730104803,7.95926024625809,11.0550281478347
29.8449797856476,5.57750681428122,7.30367753877489,13.9266059750501,4.06113419419916
6.32532176156025,1.85391313630887,-10.3235689108406,-0.393840495031553,17.3669820629067
13.0560156856139,-2.84100339123184,6.13703551338903,3.27714978824891,7.96541434576482
-9.30039460002453,-2.7035089424542,10.80559027861,-6.80330118364266,-8.509983024933
28.2431765319791,14.7645759210078,0.942692185017396,15.3318819008385,-2.10777993209761
-5.72725421046343,11.4194403207627,-5.75858490385161,-5.36336754074954,-6.47848939000403
23.031905366417,13.0617360459372,15.0047049330351,-12.9609679014893,8.98516253143043
-21.1059853473135,-0.0212272886292163,1.89820096185747,-14.0849844801711,-8.32083117275857
17.5237560234718,23.505243592844,-6.03613371848073,2.37395301216904,-2.07716044803254
23.04667942271,8.42231958228833,2.7881258484004,-6.65845927996431,18.7837229883493
2.93272441298546,-3.02462830099655,2.31277211940073,10.9928866592188,-5.49858070695969
-15.0426470911045,8.16652970967653,-8.79529060610881,-14.7841867614364,0.562644701675011
-6.19813983472597,-3.13559090479838,0.895796146051218,11.3790939436406,-13.3240292819236
8.07521040472814,-9.97344915675349,9.49364189073935,0.991758419409801,8.80884944111518
-34.9082505855436,-16.8054807908334,2.7392980597331,-0.0565326465507963,-18.6676945345249
11.0259112761143,-2.30029121950475,5.68111610742461,10.3042160395289,-1.6600636012652
-29.3794872278942,-2.31229992436162,0.409066820608224,-20.0335343157375,-4.76529260128913
-9.8527458014282,4.61980641314173,-6.24842643412509,7.09381924400945,-14.199485622744
8.49383530691006,-15.6282973075934,2.82728227245451,-3.86302797334632,26.6861608883577
-8.24735063975005,-1.54981083703866,13.4082868791356,-20.7068955762239,2.47371756833235
26.1377076957474,6.81514530987163,1.47757741866607,3.55478467657103,17.1290309805111
-0.910383029177297,2.07260193813085,1.14316160554769,-12.8521691050305,7.6954913445839
-24.4809632738217,-4.94863822108113,-6.85691122752324,12.0321290280378,-21.7803689617907
38.9942970960058,-0.864707495394476,19.5453781891034,9.3881727289818,10.8917192087153
7.91983785327327,-2.34419845509657,13.7400169842409,2.44741357929566,-3.39797629161792
-47.5748189234452,-17.1226684830978,-24.0698734427182,-5.09520910465525,-0.794940313033711
-7.33063052158374,12.7092232348519,14.9068226778071,-11.8637253776442,-21.5051732103417
41.6171326249507,12.0972589545658,21.2411450789388,-1.36299982452709,9.72447465326877
14.5287233144751,16.6600547302804,3.02876187964853,4.4883670054791,-8.86336160440933
1.12615148233438,1.2088388157089,9.97402627299476,1.15868761042702,-11.0274760039829
-36.3596405946641,-3.29828044346289,6.32339535980664,-23.269138107569,-15.0576979197237
27.6394191280145,5.47236613215838,-7.21656552157118,2.96675261862606,27.8070941283308
-1.39002033403026,6.52468241310112,6.96749959094566,-15.7833601295473,2.30134638970812
-23.1110416036564,-0.521446011839193,9.18107356141372,-22.3173141292709,-7.06144459832591
-11.0557125260935,-2.0383731824096,-3.24185316075099,-5.90633631326899,0.881288946965111
-11.1256194961796,-4.13887135074973,-9.02162252850006,-5.49958310242381,7.16307928071227
-5.62452493173738,-18.0099102610983,5.51879764659126,14.9045924787275,-6.10239567837262
19.6378159726923,21.3319907001555,-3.14733573263073,1.07484292108426,0.819194280775422
0.635222748350078,15.0381230048246,-6.96521058013647,1.09947511286402,-7.00810435525285
-0.731413798978559,1.18715980196549,-3.14835717397629,-0.41589987348839,0.828791558912224
13.1582391337805,0.937724381666978,10.8624335654623,3.2392447121529,-1.78713267677373
-14.0524064575018,1.97805743441008,-8.33244361548787,12.7629874533153,-19.2745998986292
-13.6885894627242,11.4520180086824,-2.03944491080941,-9.30790013791551,-12.7241353334881
12.6414141087672,2.8886559310066,23.1806811527852,-8.33073327708335,-4.60076587723028
-32.2114585628848,-2.38126413429399,-23.1320014188707,0.635782279562713,-8.42976437178888
12.7188163452976,6.33093469164679,2.50056243543578,-10.9954077931428,14.5593029611406
-16.9082612493213,-4.77884919951786,-11.3639976759769,5.43517580500798,-4.55365378623862
3.14593807163447,12.2482365093827,16.5594347051999,-19.9495960297933,-4.39979368272356
-5.95868155884268,-4.61010365513527,-2.77606918613398,10.465653232924,-6.15881396119151
15.0182912835238,10.0791665807584,-20.7568905835606,17.9452798211642,8.93245000396604
-1.63333772110048,3.93060465710952,5.87408096646647,-5.97034430722357,-5.36764817945382
17.1939722485095,23.4210161267629,-8.69026700640812,0.0329526303565714,3.61587512642174
-27.1710732653576,-12.8473721855633,0.325065906585335,-13.7767903846026,1.35680809630871
-18.4332132733215,0.397749150728208,-1.62741659268893,-16.2242706202892,1.381951844146
19.5353865933579,23.6140815631417,-8.48636352592237,2.0871711281034,4.28977710535328
-13.8235081020473,-11.7455514547013,12.7947461093399,-7.99736689183224,-6.54716829004323
-2.14209638872549,-9.95057347988915,-1.36296971508071,8.82707046541389,0.290357468585697
22.9617091570522,3.05874268009605,20.0689019290709,5.57880658766909,-4.52776357798098
-20.5693065169294,-2.72136254831127,0.104099202090735,-20.2689896962521,4.00346881990658
7.57944349324161,-7.71301119721954,10.1955845294827,16.7052337609574,-9.37254109196035
18.3864639052343,10.7307835317417,-13.9678074535141,3.2669730976264,18.8156610708624
18.145006518792,-0.276492594193395,-5.68219220852697,5.46493204480636,20.3381705728376
-15.0742778704502,19.6472792487439,-11.6830016450725,-19.4851493706558,-3.98551216467474
-14.0685855100785,-12.3525784643865,8.05543910039007,-7.62912917359534,-2.39887637306126
-41.1948323712923,-5.41831454332959,-9.03597369732749,-18.6851758297387,-8.04918737260715
-2.7937526989779,7.0667996130484,5.13515050705698,0.501387801255632,-13.996723393224
3.94558297790146,-7.38315446632901,-1.30484084819907,8.45026582035197,3.90950767417196
-26.7502632753602,-16.085153950928,12.2661555287431,-10.1759417641036,-12.4174963004575
-39.877288659456,-1.30199145785466,6.28662949455178,-18.7900636554246,-26.929609641093
14.0699538228035,2.13730682585464,-1.41114493507419,7.48061085878642,6.64816367158709
18.5589561181096,-5.82071884918922,20.5092583885179,2.29572831750322,3.05243177005763
4.92214433730592,-1.77335418896426,9.16062405320175,9.4712235832922,-10.5998052530597
-12.3048972127804,3.30108639825463,-13.3610785423385,-6.49527858272908,6.43310294059907
1.53905308903818,10.6270812746575,5.32311878356455,5.14954116911259,-17.3562429412625
10.6400245437137,2.78827534319934,-15.0815748789853,22.8489954005348,0.861974779447002
28.2321292594602,-1.70526910508281,1.90025581333076,22.8544332126293,6.15959974141788
-2.71543104038499,17.1739847012395,2.64717068203566,-28.9493400546933,7.209240431348
-4.96897211175256,2.22102067329698,-13.1716214336833,-0.319639735900767,7.73575372476497
6.18468657133042,1.70259126108303,7.25259602685397,2.70634791313752,-5.13542684952766
-22.3938588609431,-1.96362984822414,-3.72620552368692,-12.4326005007122,-1.57916988476534
-14.9407809011669,-7.19654038802112,-10.7833352385218,-0.230635252465004,2.08000343478857
6.13299681723074,2.16699875638645,2.33854510677241,-3.80935443943733,7.3703683255359
24.2000184572174,-10.1165520663573,7.08550484915026,28.6790368055963,-0.0155110650960271
13.6560209799054,-6.89604143519395,3.41245806063261,9.99318766238445,7.0748447309444
-10.9542987291778,4.46875864277759,6.8155669268744,-16.4593703097534,-4.13034964209385
-18.4745661400109,-2.86447186600986,-6.05049843115642,-12.806886203739,4.87941289403014
-27.9765539159534,8.24447167150838,-28.9961444517949,-7.48074089743577,1.9505128156822
9.74539472570578,-9.13166134158439,10.217670778479,20.2369096674786,-11.4498944583616
-6.15127987830987,-6.39586803636704,8.79960591695769,13.9699542235145,-22.1991084238978
-1.92364404097256,-10.0908901521856,-7.67049271672066,8.534008902599,8.81564773980193
-32.4101541732765,-6.35176099333729,-3.03674651660424,-17.8385667067571,-5.34340777942703
16.0268278160904,3.92115238164399,-1.83515354376636,13.8746237223488,1.55623388578458
9.41954424348484,-6.70570605841027,-2.9976417406145,-1.21768937991477,21.9805046716434
30.0105332903047,7.19930277494712,18.2649500534052,13.7323181997247,-8.73210237213675
-7.56147045111163,-9.31636839112866,-5.47968289760814,7.28691320771573,-0.107605872385696
4.87595940248686,6.04053192633299,-0.51511753579659,6.56220286775961,-6.12029355853874
25.1457592184769,13.0849891216684,21.8377200169745,-9.43059241805575,0.891634856039471
12.0501536979483,14.7328951148193,9.17502205671434,-3.34584238578207,-7.13784165481509
17.1481388266779,-7.0007052478069,8.15476988646361,0.210529469883442,18.6113877839169
-2.65482736293862,-1.51448029430949,10.3698842634011,-5.2821366727652,-4.8741252427792
-0.499092579416016,12.7411011743882,2.17083963404209,-1.16154414160966,-13.8347032118051
-1.09968977528319,-11.1852737870362,0.0979065642118963,17.5683331364078,-6.75310642620185
36.5004470950868,21.8165748965116,-4.54385861157151,17.354704848005,2.67865960521903
0.319099292973713,6.42351704778491,-1.76010023041217,-12.7609789329204,9.5199110061046
-29.0129126881346,-1.43082772405495,-1.53948277965164,-24.9881542622624,1.67981913712817
10.5487606507082,-3.04945188653252,5.62283335833209,-2.26776002950052,11.7277801590415
-29.5719068828619,-21.7184508980846,16.0267814169896,-10.8336740238091,-12.050787786988
-2.81408812639838,-6.53493008355313,-0.606026996051945,-6.7535180639199,11.6243746811246
25.642977488309,-0.264600423056869,16.5858856070281,8.38568065269968,2.44828219464572
-0.961103421675674,-1.96461994993101,-3.44599971343348,12.8817416078702,-7.60398135033048
-27.1822597131521,-15.371799108223,-7.17455335065762,-11.4457991125793,7.95987879591143
-9.22489137933333,4.60251261816656,4.33632976776621,6.84710865455663,-22.9144250704281
-16.5053461427679,4.71323153336681,-3.2608579733311,-11.7583197170139,-4.34966122428207
-19.1952385913007,-0.769498798470518,0.29564315995204,-12.294988790979,-4.85921109817702
-22.0941868793698,-15.2211600732244,2.58344019055181,-14.70060958517,4.12552812184142
7.41362125910969,1.63070449815038,23.2553993706998,-17.3890596475829,1.21560426528344
-0.707158792945386,2.2823621017874,-8.92365073895402,-1.39512398452448,7.45233166626055
5.34400941820574,-1.72164240843732,-8.37677120889046,13.830677728823,2.14321594536846
15.287696890925,13.8837898038461,-7.43881128792991,-2.20407276658883,11.4300743357865
25.5922497213643,3.19072816017316,8.96872312859977,15.8434877114912,-0.541976882430267
-19.2250432107888,-4.8476141311373,-11.8941360762418,4.83077096140944,-6.36198924567098
7.62566236188414,4.72596549606456,-1.47867425064696,18.4464171205406,-12.3963661251631
-22.3045029575531,1.96277933912846,-18.0105456059411,-0.433431962547634,-5.52629826052185
11.0766930980351,6.10656128359546,7.54511547633013,-5.82139897798696,3.44920566337376
-19.3038278668067,-8.59661512005998,5.76374259415607,-5.76040002815428,-10.5325152946678
0.0967253436158877,-14.5988641177044,-11.1398822793357,18.055165379245,7.75136722462117
-26.5275416555016,-8.337695570743,-0.0775212230939614,-6.08115747942205,-9.04434110018049
21.5408127049813,8.59541851901394,-6.63098500027447,7.11364484988185,15.3831007932854
-21.9481060667643,-6.91013332420885,-18.5328149252543,-8.21816462013966,12.6162819935852
-9.59842464931742,7.33077951863509,3.12189052354573,3.38891291725409,-22.4722001179124
7.49179301836997,13.8404059777315,8.19697125863281,-8.93769775437809,-5.17469434418345
-14.9349097340788,8.00484677247704,-10.843965343311,-16.7901390303072,6.63574698156939
-12.9451553640966,7.61287836400349,-12.1660849248465,0.975423398035542,-7.08642612621744
11.7110173617029,-2.95528259858744,24.4770992766851,-5.6913776800321,-1.46791918364276
-31.3100706362256,0.145313863515705,-8.14235331194839,-8.98060013697674,-13.7807040772087
14.636204767978,8.92561741014493,5.99232245205212,-0.200709738726344,0.646719039741511
17.2324515228113,4.74577418239268,14.0013535139848,1.0744017368217,-2.80106040253135
16.279266499252,10.1619801325241,8.97359935161486,7.00483731627762,-7.33879185300274
11.5937972494339,0.537713081318502,8.41413665280258,-3.25083019595029,6.43837639816103
-7.07902250569596,0.71872904258635,4.94296225599698,-21.7176427236558,9.86968563952729
-27.831307847898,-10.1870127023325,-8.49285852772762,-3.80992473762323,-4.19948803997479
-9.0743943402316,-16.8046146084083,-10.4229283568861,9.78189408448166,10.0243334694471
-8.28585058892426,-9.14638949312016,1.55640896968095,-15.970416700638,15.519202812786
22.3639666053428,10.5458386381286,7.08132737487218,0.894628485229273,3.85426872098941
-4.82484387771021,2.162160883399,27.3920455894511,-21.9442925532383,-11.3422934982657
7.32141704728147,-13.8795277315335,4.9446111497367,-0.305631931634236,17.1795590685198
13.0768888726079,-6.55631908322412,1.30820577604353,11.815731083471,6.07879938427983
0.571845728543944,-3.02085515664567,6.90130078237021,-5.81321784186056,2.50630737879945
-1.11174918075498,15.7934758911837,-13.8145379087945,-7.82264850914443,4.50799652990458
-17.4437481494797,-5.65504967434938,-1.276416927184,-11.7075429201176,2.26092036234348
17.4469643529523,2.52358553695024,-1.34623855584484,13.5543010899483,2.92549826029831
-7.60419703683012,-5.33673433426575,-4.33428670591892,1.732660291762,2.00752100173859
-11.8514906853303,7.17310346148995,-4.06886379163711,-4.55467229462338,-8.97666712495782
15.4913186563414,18.7391799057052,10.3526993608472,2.05006683942384,-13.1836967353627
-8.15451120195281,23.2019299848787,-5.55549968422284,-2.6069907707403,-22.1904650467944
-19.4992769507212,-8.96018233836252,-1.94795981522202,-7.9646925112044,2.6676114757674
55.0067508699945,-5.19362329392332,32.1286191292584,19.5116814941007,8.78222361200169
22.5452363113916,3.32840878311289,6.53175291186703,6.76102995098511,6.61150754690257
8.79641948106192,0.91596933520935,6.91011258678864,2.18182205838111,0.160060041155619
-37.8747262797677,-13.7863011826556,13.7263981616515,-19.4619243194391,-17.3901760758956
29.7321074649946,1.74869379886797,-4.25872128079353,18.6132303834085,14.1557615059941
-8.17524587943434,4.05154010275344,5.85443896033522,-11.0491869208039,-6.01269027705609
44.5660529934912,14.9810957466001,4.45138626293334,7.12185586128325,19.0574304442658
-7.15080446014555,1.12430540838259,4.51894030244797,-16.9051923926783,5.6598930131987
-24.3270860581538,4.48077917272429,0.284916048668737,-16.8104553661766,-9.3081816874013
36.0662047850886,25.6144157155125,4.66208593734007,16.3142458803042,-9.90440153501416
14.8811973726842,-0.0231526516022205,0.324848289389598,6.35800061098037,8.92531299417919
-21.5191839669022,-6.98352068863085,-9.00956510605596,-1.92009784522765,-3.07639333263569
-13.0107886964363,-21.4949561718318,5.76682397415809,6.99807355856557,-3.0505211748082
11.8402067994794,2.41713707434702,2.31925526795402,-4.85862706852168,13.8205425716497
-5.13584132768861,2.74884936575371,-2.79930692479673,-5.76087656901779,2.29647956482263
-13.7309083687161,-14.3228742183546,-10.2694211510603,5.55372564464961,5.34123140430327
-11.459305993254,-2.94217053657471,12.8099146572819,-10.7488133375118,-10.301930065025
-11.5864805601604,-7.95590290695436,-17.9090850101162,2.57703509849407,12.5885923245027
7.83373891849567,8.4143079779249,-15.4880700645407,7.3236141535294,8.33101613993315
-22.6029195044136,-6.91296225965808,9.23782004428771,-14.8196014522567,-7.88002000792345
-2.71462376543969,11.1474300553387,-11.6923232483145,4.93950081952801,-6.47064299375848
23.1554877258438,5.68513463107966,10.7596011725388,1.82037455390115,6.21276124390443
18.9110718070479,9.92768437066266,5.7750045515806,7.706524880073,-3.66373907008099
9.05934655903734,6.19673255690352,8.47279542209368,-2.4871585599565,-0.857174846272312
-1.71315995191695,-4.16498151362432,-0.127849872780393,12.3041077043141,-8.7652160755414
16.6876216691742,7.10687603309275,-8.42959313508304,10.565986122213,8.16361043669794
3.48347561817033,-10.6140304854893,6.16527817395679,0.350833545617173,6.63225923125115
-11.1811630398747,6.10025248094088,9.93978129490991,-21.999257840605,-2.40464956550692
9.07889632946138,0.787757189816086,6.80584506073887,-2.76332872188734,6.1527812911611
1.86944278849345,-19.7379273948113,11.4081931943954,0.219229075165769,10.2271115714264
-21.9769174208667,-9.73891847351027,-12.94135138633,1.01039435883445,1.2894977039557
-13.1540595116145,0.67788163378837,-10.4135409816471,-0.224517822470722,-2.28648584916703
-16.2204079566864,10.9619197208735,0.738763698702536,-15.9402247770076,-9.81216626392408
11.9168966621915,-0.511862635693451,2.61863406131038,7.09472927752028,3.82716690275209
-23.188996074098,-8.77292465347194,3.63172061566943,8.03622408496762,-25.2545971254412
-16.2291664919254,-9.9614764138151,-4.57006411006024,1.8722582931694,-2.12744591230393
-3.37416878673655,-6.42020593234249,-18.5136021380008,13.156054098595,11.0531914086192
-27.0057271216103,-10.262489135367,-5.25988267302515,-5.65649858658614,-4.32822574196442
-6.3812780580555,-3.65851873475459,-1.23388718540364,3.5700471443255,-2.95393655692982
4.25894130541765,6.0558037856531,-8.15098907460593,-2.23680955991299,8.18190412533067
9.21083078769633,-3.11224912126278,10.2503440366576,5.59701448989741,-2.52059450132619
-14.8628237888653,-18.2734745562811,10.7772332772905,1.81141948471827,-9.28022063207895
-22.2625909135196,8.20982842254612,-7.36988037187961,-5.30389528244232,-17.7969081668323
46.8977814719851,7.39023636164165,18.3784441279887,10.1113938410684,12.1418814629323
-9.70219329600067,-4.45423870378638,-7.0472432411364,-5.93646935228374,6.96463569326566
-28.0168529902272,-19.525921815452,17.8095682390869,-9.14576775024154,-17.6259262234341
19.2620004055139,-9.65772295153186,3.47358423275308,4.96857644320414,21.0908924846762
1.93336506910582,14.5674997993829,-17.6693033911095,13.3583381187755,-8.66969254098565
23.0022104071835,8.67711123352297,6.39108911829325,6.24669731011631,2.07340125746633
21.1636188183545,7.43653075169041,8.72430951626102,1.87687415883729,4.05820819014109
-27.1444104021831,3.32922165528116,-11.9065744158008,-12.9680186938173,-5.1506441787863
-12.6809622386144,-10.351388760921,4.66832102115564,4.34180174311934,-10.1983784564644
50.6941754363416,17.7415008072181,19.0079799866379,14.0504319527662,0.828973651301407
4.00505043706053,-12.3303772268966,12.3561675491558,7.90407022013479,-2.51747384846888
3.03713256240838,-7.62807081865916,19.8598515654986,-8.1169504779071,1.37779565360685
-11.8643755539678,-2.44287270562611,-16.7489888776833,1.87099682997026,6.93137699910096
-2.67021399755904,2.09818649284064,-3.10565748954299,-8.94875085551534,7.61623011223396
36.109822901213,10.247070074006,-5.90344549426588,16.2093917750108,16.319974775929
-3.07840120642828,-5.93622213622908,0.240783149626807,-5.35146929808879,8.92965310093331
4.48380980750448,2.49014392392114,5.71114261830627,3.14650955835322,-4.48758724132386
0.145858459045728,0.231574958210571,-3.29791154842855,-3.09648376308341,7.38990714727921
19.1842461093597,9.05677198460621,2.18395795225542,7.01360480719683,1.63138994309075
-12.5768784151891,-6.3648245653162,-7.26306176676833,11.4745114944853,-9.54403528623149
2.36642397793923,-8.61733436223016,0.616207039959735,7.58124140557922,4.7343040784219
-0.128609586371789,12.7176238023885,-7.33914530138002,8.06101302092205,-12.3910853503482
30.0052667832928,5.36601366424413,13.3327220428764,8.07153050016593,4.21992493251371
31.8557547274496,14.059165139238,10.4059232788028,6.63674761580146,0.939406573206718
-1.74553246587057,10.0967099817558,-7.47930578200516,3.52478124413106,-5.9243242238453
21.8194486332833,7.2462556404443,-6.42752905773215,24.0357418806822,-1.38967289273716
-12.2901416792145,2.81649810612794,2.14444537636256,-8.87680790575111,-8.69258281249743
-8.57744367902619,-10.3935593233821,-2.41925173226187,0.845523954257526,5.75791732659963
32.8310524332678,10.5532026059236,10.1022029857949,5.6760355193277,8.35617053156732
-41.3246356188659,-4.62817120567755,-10.7725233096581,-14.67268752197,-10.5808474632766
-4.69428265046946,-9.66636824274095,13.56073223992,-7.2845722229578,-0.439628654407481
-5.92169131544044,-10.4597001349435,0.562657534568544,11.8583881549723,-7.38064221410839
-7.20963685391102,-13.2496291333594,-0.356825692205434,10.9133372118816,-2.17639868059728
-7.04950016542892,10.3735538708224,-4.25336315147068,-10.7460855668224,-1.80973782469534
7.24375536342601,-9.48128744242019,0.133790884153413,3.4587103378379,14.1559040213924
-0.929442425402311,-1.77067967296346,-7.51445260000735,4.30190553317557,6.79288082969747
-27.4691135087224,-18.6112944375706,-12.2283369745086,-4.5428949102732,10.2852651846183
-2.06946457785517,-6.00180969385097,1.27685779404019,9.9244090754304,-6.40984338348068
-4.49763256923252,-4.16480449796857,10.8500319500986,4.46679183411004,-15.8983249563154
47.3720086813772,9.43795625245614,5.1561833695275,14.2713937131438,19.0157565563252
7.97296188065086,11.0516973707603,12.070465405651,-8.27973880771626,-6.47131745369456
-21.9844040551376,-10.6108861371987,-8.76005788454628,0.0953924506632122,-1.00399001975776
-6.4836955136166,-4.05675902066317,-10.5755686867635,0.418244576574522,8.69687808400897
-2.38872829145228,7.78968903426487,2.08319823563443,-18.702051660038,7.41663528473103
16.9690810671174,-3.35250354107891,4.00599857736591,9.5391411291563,6.65767614935818
6.89078904750713,-14.3153103498397,23.727513552087,-7.65976307698716,6.40483564771736
-34.9093729537367,-5.97333733143151,-0.477364114082292,-26.8380955448525,-0.502107134651098
-17.4119271351167,-25.6620675427858,5.7459478892574,-3.42788910750165,8.96203852697904
20.8450017465588,0.392632800210523,-0.279277714820308,15.1371377709802,5.66136442860498
8.44027379760816,-1.19725880333295,9.97156691490361,1.13676094058237,-0.661126340043869
-30.0871337401427,-4.00933802902935,-18.7538406838224,7.64238489021918,-11.7346058809228
-9.70859026854283,7.79261777261952,-5.87812791802821,-6.92391135557884,-2.76680041694219
-7.02092641450387,-12.6684163231317,-7.90632659703269,5.63266570079941,8.3615763199772
12.3867297086477,20.264227328394,12.1601451324147,2.14097342793928,-22.3522508688492
0.771414964445926,-5.69738229951497,3.74024892387387,8.19151646071852,-4.74497483941561
-12.9426860304461,-11.2839940458493,-4.12454760170302,-4.62877519975338,9.01722501906959
-12.6672641693983,-12.1425535207533,2.12732305780879,-10.0048188568812,9.59599980456509
-28.5644366925434,-0.533407552339183,-10.0318378409383,0.633327877389403,-17.0005835668663
2.44854071764723,-5.95372831903255,-7.73761699517511,12.1875697635494,6.10494845612959
15.441400494078,11.4046401966371,-1.92182523926375,7.59597922870621,-1.17502802346914
8.42165228207567,-5.64293315940056,13.3069791811076,-0.0446038322467708,-0.0169267086308265
-45.8502702590081,-13.9813985166296,-14.3373920851439,-4.60790580124485,-10.0040368641823
4.38394781871578,-1.51316834538725,0.119530804203018,9.52746827366233,-1.90558600346513
3.34727447111721,-7.79839400203265,0.586998648052571,19.9849154514038,-8.91179470478141
9.53779145833047,3.30390188091386,13.4822089595584,-15.1300663827028,8.06384574590749
6.18353410797484,20.705378529982,3.32990939521392,-3.51095079032942,-15.1804013153015
10.0782844462448,4.21190665472879,11.1249098775486,4.55956110387481,-9.23112879429587
-20.0349874242747,-15.8057219301098,2.41907124870413,-9.37191502343071,3.83252559330276
-6.54769668428523,-0.2876081847101,12.3527761012195,-1.18215610890875,-16.846127960636
4.17690332418634,-3.33281744521002,26.183823372286,0.509815435546197,-18.1333664044585
24.3579768199619,18.1874978588974,-5.04831024865298,2.28313556867068,9.44224736579159
-7.26655942262792,-2.52581177476956,11.3513615054039,-13.0480578067748,-2.19985039763394
-20.670680861106,-2.94507288950018,-9.88030002654328,-10.072332935723,5.1917203883598
-2.57962144490731,-12.4622442570825,5.50512406798948,12.3201363557555,-6.81201204527766
-1.11356396622188,10.7522729146841,-8.08235677275938,5.39382990298714,-10.2405755509951
5.14093199362657,-10.6134861453756,-13.1543589825601,18.9876583574669,11.0519630058963
-5.98441125474278,5.06669497246899,-9.99541538268933,-1.37469699694789,-0.0651948348593132
31.040476352124,13.3433254018576,8.64318119145972,15.3512054796491,-3.49944216295933
-4.92434342181773,-3.52372547940923,14.3194112423916,-11.6856208658596,-3.63487386152665
44.4741422460051,7.1563144870635,21.0429263476031,18.4299145346954,-3.0899571291648
20.6972293384135,-9.2643252996676,2.15826519356692,26.5863444091349,1.33998715441796
21.1557581583052,12.0145983772551,10.4248467474409,-0.161011875047133,-0.162270447028647
-4.67702444031608,3.45171148763899,15.3271553210566,-1.3410534246677,-21.7885630927327
11.2823783885875,4.58755712848919,-3.99018107499513,10.8801083169294,1.47743959145042
-16.691454078788,-3.80650857072716,-0.767638441901852,-6.65195110847443,-4.20664892875373
0.00157060403450227,3.79413865468431,-12.3554872540059,-2.30711626011518,10.0375016273022
16.539619732849,1.41219062909651,-0.399711509901161,13.2087281307456,1.4794559198902
19.6923277594114,8.27820789286247,10.8411225202515,7.13624615518164,-4.73433524529841
-5.46016971592197,-10.8585327850232,9.005642626369,-3.43099582179274,0.563304213866969
-7.74851202851471,6.1260175514978,-16.6062376322998,-3.5291107148387,7.24028492099807
-16.6449402559807,-4.76718383917069,0.591572107789418,-6.38688194900307,-4.68716807447171
-4.39491579953289,8.66848156118881,-14.9976116426143,5.51899200509529,-1.74131784804383
30.6193973478447,-2.09840465010892,15.1784229856749,10.6122991482064,7.44872685863068
-24.5269705557191,-8.97472597430252,8.31772671648949,-5.72778806667842,-16.9755499855328
-13.668941804082,-5.39363642136214,-6.81221895845337,0.351172213332409,-0.821421294982989
-8.64778131055028,6.16570477456627,-4.35602187456193,0.203418691676092,-8.7156109098708
19.8830828664494,-3.89197653755617,-2.35594842366162,12.6119614846218,16.0640325175044
-23.981552151361,-4.95965726493908,-3.37395839127845,-12.722973179866,-1.62748165840191
-26.2100049829917,-13.716142164763,-5.53265585266825,4.82540012217959,-10.8646827256476
-10.949202587753,-1.24159786837243,2.81246782021191,-7.56727667010803,-3.09405912507153
46.9602363447811,13.2733082923194,2.27646000910172,5.24092586528458,25.9195418888377
-39.843840587474,-10.5204756692615,-0.889627336974883,-8.48379041153026,-17.5367944269143
-21.6152224357216,-11.8318600536784,0.738390230676612,7.81944692420221,-17.2272376924192
11.8099731893083,2.21562756107801,-9.61643130567276,13.4356335191487,6.63568973487932
39.0367872464377,8.92313383256248,7.04157959349885,6.47724126350158,15.4275727024867
8.00099964313933,11.7257515994703,-0.146822858069807,-15.8909109889725,12.3744956295627
-24.9933112617703,-22.4030848887091,-1.30517044530816,-3.47352940758573,3.6188154718842
-2.35039681690885,7.82115730056313,-3.26015149738839,-4.28903826216965,-0.5697787648
14.1038712725728,-24.0073788710143,1.73294465797544,10.8139857427009,27.5308536507065
-20.7137197653592,-7.19469746660589,-2.13694202555699,3.70737238292518,-14.2019613443559
20.554233802181,22.7037151694988,-8.38211689948758,-4.85800089368182,11.9372717408024
-0.128535459518277,13.2415068441917,-12.2179074721767,-6.83541311505313,6.65357120337253
0.423863848592609,-12.9947870983597,4.20105154353397,8.29540916813925,3.00143733459265
17.467411209335,14.6400398156925,-9.532366106138,11.4190268343257,1.5991023141007
3.3562660692567,7.54796796861208,0.0053056054767593,-1.21952930005211,-2.46840421414528
-17.0359966189328,6.85958308737437,-17.4713295903445,-7.31919708465837,1.70535074235205
11.6577859035177,15.4780752837272,11.0864273302452,-1.30869421266472,-11.3074566227687
-15.3516994415853,-9.01333690167172,-6.52494256184425,-3.58455790899815,4.49649144749555
-7.29238098942722,-14.5867627845515,-3.12177804962676,8.9048495604457,1.33818468135059
18.7500666843597,13.4180069631274,15.5876078825351,5.49148743595908,-15.5163462079841
-26.2923979796966,-10.5957573472442,-4.79613837305155,-0.900189863161712,-7.88854602258964
9.49564060008454,-12.4374941842989,-3.87138903530316,9.02222242925797,20.617181136636
20.711581357296,1.80847612406855,9.93760079140902,-2.58262769444073,11.5998047352079
24.1728427055375,6.65596581199182,-8.43007666292633,12.5546817177919,14.0291894667734
-6.60683908041745,-2.97460185962737,3.17787788052363,6.62176338270218,-13.5730434358884
13.3915300492775,0.0195056095353734,7.13985563963586,5.33580509740326,0.707752230530308
-21.4765381306746,-7.59702825644788,-11.1689791108947,-1.05497013165966,0.487603429151514
-4.9888771114442,-9.25577711240889,8.44516956044528,-11.3402871563728,7.30883405436853
-32.6050924370598,-7.96176549758065,-8.70757703901268,-7.11445299303079,-6.72370220369153
2.26410728871921,17.7555874939045,-1.6802958423705,-10.8981372333103,-1.32213452394895
24.665246261923,13.0220134638963,4.98529142443421,12.126925460039,-4.40022131583437
20.6726693389418,4.19638153589051,14.8420531314561,-0.702849550571186,3.13229012689404
-23.9943038952503,-14.6297808496604,7.85174323814388,-3.78029991031152,-12.5218146129751
-24.3924550716931,6.72838632624928,2.54439155205723,-10.5829706220329,-20.2124651055258
5.22064048210302,-8.53726829223121,9.19350823106001,-3.54409714516862,10.6721539602831
0.522192731750993,-13.1117163989438,-3.69548588748029,1.37081987507542,17.4969099392596
-27.2614663433907,4.52616495398381,-3.97670891916606,-12.1806847347905,-13.0278645346287
-11.5457849600068,1.60022775537275,-10.8122377645436,-1.23786772015143,-0.874628857572006
0.989559083254295,20.2893733352737,-1.06992982389017,-4.6918023091852,-11.9819736990995
-11.9275010744813,2.30107549252136,8.99860898696358,-10.1945247094477,-10.4129839237357
-17.3600037404123,-3.12024800630391,-6.09104190303932,-7.18996372097063,-0.427169674683921
38.9597774606587,-10.3448404297217,13.8382911589739,18.3911918542762,18.2771378089729
5.21455656655845,2.5653264417782,-5.51052318480641,10.8066613620576,-2.09841766065658
27.6298711446336,18.9238204518931,-3.4703079725452,8.50491006027471,3.90468447687721
-34.7939573608556,0.945632866412766,-8.29512004795479,-20.3771973054424,-5.21319981387699
-22.2347732562915,-13.2347764513201,1.64635306196453,6.44386018037597,-14.2781392060912
-5.75603733891943,-8.85840390115911,3.76959559811382,0.635547911779448,0.121594443567029
22.7419841647245,5.19418813047218,10.5346708725281,6.72595803203134,1.37869743549087
16.1880129074257,-7.7816087209187,18.7825338048575,17.713962992488,-8.89340083654847
29.9840914965014,14.9914831121389,-1.11718222562779,6.33924340166893,10.1114741913625
-15.2281504716742,-10.7409025999276,17.9352628595843,-9.36535269312366,-12.4657989054902
5.18286794255174,3.11124866036282,0.797379741617291,7.01796013328994,-5.74751421610864
-25.7379269701509,-4.11148882681415,-5.52885962593349,4.09392499247372,-17.9704595549906
-7.99996221754537,4.25514898927418,4.53849823310675,-23.7575045246091,10.5402179740336
20.4709244874499,1.24995220007563,21.8446851355206,-8.11665868018988,7.61404657497627
19.0930674404327,-5.83666159745998,8.10699646358836,-3.06081371610775,20.9953382800745
8.73633941432955,-3.55144222823273,13.0728488063229,3.718007463198,-1.91705456750045
4.8808480488563,-6.86028378340678,22.4232160686975,3.43522457133085,-12.5703478692633
-4.83218286758381,-2.06730774302867,-14.7012164913593,1.0155291947016,10.6231925841679
12.152113931751,-3.68035687290159,-10.3934868647066,20.6541577611463,6.0882226035236
-16.9930910640277,-12.1042650260272,-7.38664998167768,-9.53671546850762,11.4131196064232
-2.73331093617435,-16.9995783721872,22.5983402156144,-13.5725558588616,4.64156160194382
4.97388680226926,-7.40825754623483,6.19884929153158,3.00712275216464,1.76560556762123
22.6832326128795,16.9677960784277,-7.49205456755596,4.28652001230349,8.73805042262877
-4.96493225072924,6.60301867486179,-22.028764269025,10.3566630104033,-0.898575380439426
-15.6935559106975,-16.1883747479132,11.2832963218238,-1.80152459699165,-5.86347183406519
-30.9848630127721,6.92119114697941,-20.011603283437,-11.1940053270103,-6.79791470680743
-6.75278968691357,4.05571669458735,-15.6114808593189,-1.7377418596695,7.62501009539328
-15.9337096424448,1.85066446650237,-15.1122259779817,7.42052894667793,-10.0754543312694
20.5925117140299,7.6143790744207,15.610769569731,2.64664271058772,-5.78922452989014
-11.1208982182201,0.255459728486651,-16.1021914570641,-9.45056408865146,15.4091740355927
-38.2424486866123,-9.95124858349971,-16.3561689647061,2.0960739473711,-12.3781104290606
-6.45693353395648,3.9939440406115,-13.8147721333681,1.15555405518126,4.36727077260094
26.9776034725389,3.60801893879465,5.85548999230511,4.56714262307405,13.9665658466944
24.5876949170233,4.57660836610615,5.47045446973561,4.26184566343248,13.6979026553682
-5.55445293319287,9.91726892845889,-13.2492613749132,4.84435895140817,-5.20935233848601
-6.80279724889795,-0.789788414711657,-14.7252142181459,11.1825148893529,-1.82560959722435
-4.24239643928698,6.20800907972008,-5.29735290809325,6.22140050627261,-8.51121201971559
16.6137799800159,16.667105378502,-7.69831578506871,1.81921667103325,6.52637386197626
2.93043830783291,-7.8737709722096,5.19166869233982,2.04924275317287,4.62441521226544
-38.4840518488056,-7.50348550190053,-2.37401339781263,-6.39723330809648,-22.1221291104924
4.44582669441917,-3.28988502048526,1.18748223258248,10.151154611445,-2.08381473016738
-45.4900320687724,-15.4110354900511,-0.82638507185378,-31.5017242400937,4.12900409091195
12.9031894697114,-6.33228415899676,17.4354681653445,9.07928489071815,-5.4581857973551
-33.6551995591947,-4.44641355565802,12.0859972826909,-16.5886906861198,-24.7219113202267
33.1989867756984,11.0105608022874,5.5332820601987,1.25750297910061,16.429110088753
-7.55759718488826,-6.97561429799573,-1.491727212721,-6.26954573045389,6.30720528361888
10.3588404383353,-5.4292968061918,12.8064262642684,6.80487880049582,-1.45276728795317
27.065814653873,7.53890798428015,6.92518396788125,15.7879795619341,-1.75925576424963
-36.1426720518697,-2.04538688502301,-22.9471309170018,-10.3818214045928,1.3708880500499
12.8656287256771,1.42297534078917,-0.995190103050092,14.1321379819304,-0.36189547333417
-37.6453069469349,-16.4983043736246,-11.909990102955,-7.54399666819742,-1.70523272263243
8.74021943129382,-5.51549362684192,14.850389272723,-5.64571439201575,5.97335925644397
-5.0433316598576,-11.7202877593522,23.9120480300667,-15.5784045394537,-1.86610440284374
-12.6041733191444,10.8577147395805,14.5540874108956,-24.6147215366847,-11.8181536021228
-6.84874882018,-3.17918905170896,-9.08951303945333,19.8628306744241,-14.1481899276476
-16.0561387787414,-2.27401360572355,-11.0866661169309,5.83468272416382,-8.79282238892665
-7.02533363623131,-5.06777237585467,-1.50084438312865,-9.1778336794963,9.89568009867548
16.201646425317,-2.56534331635461,-3.04693244091684,6.44736089783488,16.2549715268282
-10.663425940512,-13.2809606854083,-1.83965751665066,4.02053359882237,2.95816139164704
-31.8654038541358,4.83538172623671,-23.3765343901884,-19.2941082228627,6.36527877430853
4.3476374446569,2.81383517546069,-2.00430825405096,13.2222279444758,-8.51274466959895
-48.7643913235088,-26.8635529329128,9.4365400650104,-12.1399833986174,-17.8543451145096
30.6314120120757,9.80110354423643,10.5301437665308,2.638592213578,8.29541663608756
4.79446266513941,18.6516958054221,1.19754289455922,-16.5509682239479,2.17923438003384
1.00828431550842,-5.11502669376966,-2.95189470802736,1.06813485186862,8.7761109231577
-1.5851495739288,-7.8714026218464,1.33959074777479,4.47116227339283,2.52805012502887
39.089152151929,8.210632913387,13.2334187535198,2.91493333985313,13.7796308738583
-2.99754641349859,-7.77705299740823,-1.48095608037557,21.5399071201216,-12.5261493009908
21.7427593755725,5.79294514131284,1.13622145314323,6.5220535769289,9.42446322024686
13.0396259168757,-0.875094201296626,5.46009898615237,7.397434563798,3.64226456049085
29.150913156384,2.84005050423882,0.226511710870261,3.88083851267604,24.0108402949002
-14.3743799377194,-6.52143815264471,6.26439522325291,8.82809792973087,-22.4904714226487
18.487936105278,10.4160301773203,17.4965057166944,-9.1388724770359,1.18846895167432
25.7838896055155,0.681968122090159,4.00998349266567,2.63310928623851,18.716178449144
35.6016733772653,-18.3599706839887,14.8858257467571,29.4308530729155,11.7462740194315
20.132197840189,15.6991889809107,8.93598092806624,5.97822744083437,-10.5444739324951
-33.106948767798,-9.30689278554948,3.63935275027516,-18.0288570216022,-8.91012618304721
19.5044593556106,11.8866508295614,5.81103675785592,7.74816700037128,-5.6162682093425
-10.5815130230819,-1.09707470603743,-5.23773412209369,-4.32387571365632,1.89153600542351
33.9908623171687,4.30903330807858,5.66258919689804,-1.62101213139265,25.9542311485413
-7.09345936911235,-17.3453956389288,-15.8871067522236,3.123814701152,22.2691668922496
-12.53738667158,-3.33109253576707,3.80189073891645,-14.6172058326358,4.15677143067328
23.8306550460894,-9.62809749172753,-0.259102923713112,10.297697340115,24.3214138601125
8.37006246749719,7.3323907824248,0.969089069013573,-5.23312319370778,4.87757127522317
0.671493392206294,0.332370045012874,-1.12240869889992,2.13840033315838,1.30972189513887
-3.24535560943548,-7.30493153628278,-0.436962465369093,16.0185122947179,-12.4664863632034
9.13638939414617,-5.86774082765803,6.1491955242493,12.9741571619144,-2.52443909591538
-38.2103208320198,0.110725192111467,1.02675658132255,-19.9464295206356,-18.0399866200617
-3.9963198217354,4.55002026898091,-10.7555015442985,-1.96717327608414,6.08572993745929
-19.7305948821857,3.53118288072493,-11.4728026977653,-7.0323252862275,-4.72104015201478
-12.6072247439838,-7.6167511194884,2.96360331360785,-12.4382907250032,5.01743820777683
14.9694025230414,5.18467838505381,11.4021635451399,0.887424646645641,-2.5881523145389
-2.27474093038965,6.39193978995423,4.19602860339814,-11.3449721579887,-1.2472166889027
15.4334745798774,8.04235457517582,-15.6066878678315,9.57304118772431,14.4075525864956
19.9097949228499,-0.326866341405465,6.13607148108182,0.733061584032948,14.2853681393422
-18.245581607344,-7.60013911800388,10.4228607821519,-13.7528048003638,-5.74892766180305
-6.02961250920659,12.2187646866305,-10.6303152091611,-7.25665316600221,1.2818146966049
-14.0928195477941,-8.72916596990866,0.0680573642920607,-8.76435415835736,3.06025934012279
-16.1651179128549,-6.28297878761558,-8.06970826932793,1.31038574304646,-1.9692838195454
-3.2906153687106,-11.3621931814199,-0.611631618753989,2.62991889645811,5.61772810029444
-15.5387705667992,16.1185249262403,-13.1705412241129,-0.655121262883743,-18.9049279915486
-18.0503950238386,-8.10729777737323,-9.9378243045429,13.3027885342265,-11.8565969595113
16.5700653044778,4.02268194426198,8.01099377814507,-4.79715055948428,11.4004356051491
6.50655587026493,-15.074570336394,17.939978852108,4.62108227062991,1.18006966050652
7.88930433775603,-3.85101921269299,7.05035042191055,12.5966555573219,-5.68417324862473
-28.2551122086134,-16.9217989483722,-0.122822543673156,-14.5583557112363,5.0740054271428
-29.3942771800749,-0.13476613783975,-4.61398708232803,-13.3217816539663,-10.5645907880016
-21.219554786782,-3.64817706434166,-13.7641928557625,7.63376496044278,-10.7333606699709
-23.8065696568151,4.46643731863219,-1.24463826395721,-1.95768503426224,-24.2187370504142
-5.29995326142757,-3.65954431120292,-0.256095493634787,-4.44691439513762,3.52780541376815
3.62949377126719,-18.297775524217,11.1467582917364,11.1428552714607,1.03702472806675
-23.9865128217823,-12.0062067040383,5.55116965698379,-4.38477290224839,-10.899474002889
15.4921776988341,-11.6808280716496,4.34595607972812,11.8396116465388,12.3715804690172
57.0365977217606,11.5559605938634,8.3573320557333,10.1943368791358,27.5194908898276
6.62920605651968,10.0384801340279,-1.33215147361137,6.72616296198032,-8.17508973577824
-35.6746849936705,-15.3962629701921,-7.50870422644766,-4.79166010798606,-7.09992158760086
3.91062576721715,2.71102106294619,-3.85565207253622,-3.77224425404399,10.4497640865888
-17.8159476825893,-2.05577111431274,-17.0063797113968,9.2088633084163,-9.30691198055472
-37.5733318724178,-11.8919426766477,-8.91957609653212,-1.44876278505057,-13.8761054144208
3.07481540307561,1.05814085288585,-2.78151748003227,1.2107724281617,3.99158970806762
-20.1201471753335,-8.39152113636704,-10.3741709617888,9.87546494955554,-10.6295149065052
10.4801866205927,-4.70836322644062,-7.26782238978012,-1.7814220861389,23.8250472909063
-7.89176986621145,-10.3519496180661,0.487635101093314,-2.38907516050158,4.70928040276377
-22.2406651927455,-3.52132953825157,-1.03808399598085,-14.2624452906976,-1.68747997470465
-31.6820607533999,-5.29995735312463,-24.4275722999361,-6.94484007976434,5.8165897554576
-16.5952903736822,-9.91625755132002,-5.33014674040587,3.19802442848077,-3.29390158088625
-0.666416548048607,10.905867655206,-13.2684688135036,-5.22626913750201,8.79753033081755
3.35311916428938,16.6289129154844,-2.50368558132791,5.02890495606477,-14.2319832740934
-15.6525040943823,-5.26689408759248,-0.279641429848997,-9.30770141252543,-0.867053877908909
29.7966389228864,12.8320011521634,0.108129815857799,3.40648350851743,15.0379316595864
24.1111705455984,-6.29554778414888,19.3890478880067,8.49646376174798,3.45313470845937
-3.62496007701479,5.25250721729059,-0.872621366286935,-17.2132786023354,9.75713555513037
-3.46202159646276,3.03818627509177,-3.1007648708605,12.8503743410559,-15.2398011713235
36.7401279831196,11.7112165717902,19.1406050216267,-0.107425540156377,7.70651718511989
7.55689502547677,5.28732611505706,1.95558472043309,10.4477179408118,-9.45472620359534
18.9969913225082,18.394679573485,-4.40373672605715,4.83942977402812,0.593388289210882
4.3098762413209,-10.5638909069873,5.24066634482039,-12.296537386408,22.8431088351884
-9.78198589281143,3.97041243290995,4.94616175626873,-13.092648646249,-4.02407966830738
1.28140910558345,10.7134725779725,-2.38459239710893,3.51699641494452,-9.00213253331992
-9.4538222549908,-16.5029281121666,19.3913502973764,-0.952733197412991,-8.92736605800102
18.5880073536633,7.00676901863226,2.23191657838632,9.29565533371379,1.03024384707556
12.7093715072091,16.4516968910789,-21.9690356631243,8.77459101462259,10.3466843771797
31.2769401105601,12.5551265241327,10.829443524361,12.1697188708669,-4.01507050652921
17.8912271054016,3.96036557263865,2.8865754043586,11.2950315738483,0.342854170156074
18.9733218271976,1.59841869350221,3.42372333249825,10.7267293383639,5.03757033969212
18.9033736406494,14.981464314532,-8.77383450467995,5.33095733911306,8.06572932351744
-23.7693283118814,10.8084352815084,-4.19268673258471,-7.12883588896219,-20.4103801605415
-32.4239725335476,-3.15380716485034,-2.35844770603952,-21.7731773903508,-4.92560879944095
-20.5804930960332,0.855493920563981,-3.8847931840746,-9.35287765177292,-8.46357999422683
-34.9962715642554,8.59575370917565,-12.614254571459,-10.681649163056,-20.6448081967066
-31.1035266289134,-12.5158946694182,-0.473319271448346,-3.06148399051345,-13.5163333810112
17.1454284117097,14.7625326336752,-10.3428549130287,10.5338602157451,3.32148802676333
-3.62486207034538,4.66689267029211,1.04201506900534,-4.30831935557385,-3.72917874050434
-6.91422727926654,-12.3940689543461,6.43696275723387,4.26381368888725,-4.38977342391649
22.7804688981998,9.35090290289497,7.52003885706268,0.729307389690196,4.8577741255207
-60.8225059643958,-25.4009368011699,-16.3061873807083,-10.3290060117444,-7.67235291260462
25.8576980745721,7.21181172616714,6.29543798744253,9.09949702836502,5.33462063297727
29.9351059475517,-5.75218459250324,-4.93189269607466,11.9028832954827,29.346914067579
25.6233522609714,4.00422105627476,14.0452165090552,-4.56479189676043,11.9963458786074
15.8801059693845,6.21875195798171,1.11485249560528,-7.50723213191385,15.8691850213796
10.0222223641369,8.61196003723072,-0.498731243867374,18.6465402902727,-13.58365681387
12.7914821147077,2.05438442877667,10.3129759950666,1.76480267072494,-0.0334757527313291
8.40857182653712,-17.5254743217642,21.2031007736688,-1.41249259400784,5.84432201220803
-26.9485327867081,-11.3632169710327,10.0121834254261,-18.3731498082822,-7.03444093563264
16.6605879943306,3.84468665537626,11.9304098095514,3.39511943913256,-0.339167052351061
-1.78938356230034,-8.40279655783518,-23.5471882932944,13.6262812653526,17.3084121557818
0.0490340727434202,10.9772432594808,-17.7975150819014,0.571049672732169,6.22887811445311
-2.37569651191363,-10.8377026090327,-18.0945915078909,5.02591929735128,22.1656766452649
6.33614285762205,-6.3243963745882,-13.0177881839503,18.6189343871214,8.61184397821817
-2.90311631765437,-9.8566055940573,-5.66856291302734,11.6714280105051,1.71784358606578
-19.1677612766315,-1.21771247871555,7.11960177265761,-15.9053514106739,-6.46663632545699
-10.7167138517025,8.17563522528171,-14.6718892323042,-7.79847847858528,4.53333885225082
-13.4755794453631,-9.94203059773737,5.71959566900535,1.03961986704378,-9.01251840809457
35.425848583931,22.924652144773,3.87846178367725,-1.25801215303096,10.5538081935278
9.74932283684672,4.29594776980664,-2.84257371995797,-3.53709147356291,13.2828023759211
-12.2983124168214,-9.65168598956248,-3.24778036014405,-9.25436640206689,9.64478602292308
14.7889459836419,8.62370708051466,-6.58247689354867,7.4190006683747,6.2346676054168
6.36317886596795,6.81343584925629,-6.26892600965977,5.51066797535054,1.16246693985758
-23.6704223831942,-3.27055603289248,-11.0034018138619,-6.57869717989742,-1.84966452186072
6.20666126656954,6.88780185615672,0.622905411158017,1.50425147231717,-1.20044448191514
-18.3135641546626,-9.11689122679372,-3.14452417106743,5.7864238056228,-8.19743510681093
-19.7586651607771,-18.1835886435962,-5.06763390462146,-2.77573989421439,6.63176988486201
16.6746426602356,6.14475775500863,18.957697182084,-4.20685101305895,-3.67094889685236
21.5966030202563,-1.5324795366137,24.7313282099493,9.704925645932,-11.1725283157239
-21.4758247522783,-18.0041946113783,-0.66318045973287,-10.8769667975918,8.64764783551168
8.5618026184114,-7.45401345019555,-2.31047596351717,5.56495163757476,13.4963841176604
-10.3063358852645,-18.9803165763729,-4.03326559368998,9.52421201247798,2.88246776463993
-23.2804572537655,-14.3767632905054,4.53200464058521,-12.7556822647431,-0.0545282920970914
18.8008094735726,11.0767840579756,6.16881404815016,-11.3501035504511,15.9758373756735
3.47805393654449,2.92599229663752,-11.3794215832031,18.5747444980879,-4.46663973907894
4.80898011495404,0.234679771281128,-14.5740598852225,12.2035036407366,8.21350502772906
-7.96583813292236,4.4476281090911,-11.2485267921486,-2.38632008518961,1.67412061540044
7.78682381239593,5.87017171766706,20.6992009079309,-15.0374993127903,-2.52082923184247
-18.769774628294,-9.74199539611998,14.333461659042,-8.5584742770902,-14.3887945037121
1.70466477964569,-23.3244758305966,15.6848733204645,2.26857471486813,8.93936655209096
-35.9366715727106,-18.1363216744207,-12.321357243576,-3.67453830476633,-0.433203192809078
-10.00706681364,-5.36113031523284,-6.34684248164143,-3.44193738804312,3.53774506882508
-5.0721946449275,4.66055021682332,-20.7324123811027,9.65148381199992,0.678340827226557
30.5984019357534,5.68284650974682,2.87335869887503,16.7694756548385,7.3699052099092
2.34028188460347,7.71586671050133,3.62308789143549,-4.09549950880087,-4.84013318486717
12.2734399253009,1.61965057597325,-4.09965882301009,10.0980694097874,3.31751395992768
-3.38992284652578,-13.5692017376551,1.97508546432243,3.39990801385106,4.60667713392903
-21.9922050687815,14.586965446203,-4.34976044969964,-11.6420534799226,-19.2723419896891
16.1752337174763,10.1876157976736,1.94969240653633,0.184036333949764,3.96773973506898
-20.3508996352985,-4.78757927855815,15.6565288201239,-17.7821417815971,-12.6904941169841
8.83239523916759,20.5741086375542,-5.22995954041232,3.57684384060659,-8.48627644223856
-16.3500518028441,-8.60963192434121,4.08553415917115,0.130386057554288,-11.467394853822
-11.3231505904951,-5.64728191072178,-10.5917882806161,4.61252495524924,1.54692706181501
-17.3033915402311,2.43807342281272,-5.63371391325794,-8.85252444482682,-4.0229521823536
0.857887483022258,-6.39332942649347,-5.45553637441722,14.9540897411445,-1.75762884131084
-9.46458849440138,-2.65019118100762,-10.2595465961269,1.87762476541266,1.69705331053184
7.02356414932182,1.89504515600102,-7.45776277725736,-7.66652355439589,22.3067448952715
-0.0617594749065717,12.2263572190307,14.749779181933,-13.2178052426721,-13.8258595832998
-26.6228315083162,-6.48922331492561,1.78925558779361,-15.6441792770342,-4.40371248502263
-32.5382843447475,-0.0549353861459109,-5.53387339098062,-26.1709599760817,-0.634997614739206
5.66928064838165,-0.632650930916789,5.45294005361791,10.1410669201879,-7.29945956732074
5.08890113301092,1.16472151675427,-5.85371903965941,10.9238590081684,-0.585192807385499
20.434975763099,5.8761945880175,-2.48007212018212,17.8586938921541,1.19855329359243
-10.6326422829291,0.217982217078704,-0.299184233095367,-2.2551936045458,-6.21099683677328
45.0000754717601,9.22943812315574,7.2133526626066,15.5698257613584,15.883491857691
-19.7484149813322,-18.1178994779087,-9.96271819134539,3.21687654001336,5.96756951944981
-6.32520868674731,-10.6498068996477,-8.86936329625541,-4.18460519504798,19.4147767569044
24.3188242211028,7.43683015913563,-2.10208764769169,12.1142678476499,9.11005893530751
18.5273260436125,-3.29830397369264,-3.12197757297955,16.6619230970977,8.4009110533942
3.90804785911073,11.589239474871,0.310795513331597,10.8410842611819,-19.0882513020154
-12.114134231496,-8.5515922894202,0.0289633731565954,9.52166113973615,-11.326495815899
0.23910238647929,1.90567008167527,9.27421510070661,2.16355027554416,-12.7163107550128
-28.788788133701,-0.77076032578687,-14.3990763629231,-4.72927339063718,-6.7763522833353
-0.729812295909841,1.55772489070754,-1.87080800376961,-9.0649505743287,9.39668284455778
-42.5816828579291,-3.77836229583194,-15.7917655794908,-20.4149957951446,-0.331080149400621
43.8155321266063,18.2473373307511,-4.70692906312291,14.960209094325,16.5024530012428
-0.589664325542093,-7.9620774384062,-3.97692419091357,3.30532778594171,8.36689173759935
-36.501380493173,-30.468667948565,0.381211543734485,-3.65177821170761,-1.90183412187961
2.91807522977733,2.75640076411694,-3.05634192970917,11.8280229283582,-8.35876763264311
0.44292003667096,-2.56269247242728,7.16146624534901,-1.41802676453437,-0.785155725457371
11.6872834996139,8.50981874762338,8.85194299080543,-5.90707977341356,-0.122156060455617
-24.1923408904048,-1.40864612773598,-24.4850518451558,1.44491474170799,2.9620089534953
1.3743883313555,-5.27602920847587,-3.88582759422409,14.0370062312284,-2.26511941025207
11.43709560947,9.12476853835813,9.128655060883,-2.34301147191393,-2.99055133758305
14.2575659795998,2.46727764216412,10.8273157255694,9.1450447012502,-7.16585297988321
-26.6035644335599,-10.4302198020185,3.2890063526692,-9.35376548804004,-8.4384163392443
35.5132832783111,18.8755340383169,-2.48045700216015,17.8984027753422,0.718758468663085
16.1795233603706,8.54727432191727,-0.985939799557734,2.27162319662566,5.77575485700343
21.6900682628425,-2.17587636468428,8.73531853453357,11.6890754916747,3.84156681663149
-39.7590478286149,-12.0109597140682,-15.2994850145415,-13.0680131033235,0.389914776946698
9.89299698761185,-1.31717440286216,-0.992650468526617,-6.54880860211495,16.9699720560621
-0.533069828170734,11.4032106319741,1.91347620179168,-1.14370696795986,-11.966449788335
-16.8800800422572,-15.7144785396778,-7.78609540598424,6.2330920422075,0.0635862814805258
-10.579067635041,14.9700475795946,-9.55658793798054,-8.0205326883998,-6.2052036874612
3.40922016538394,-1.01722242378251,10.2105033557284,-13.7706402163702,9.12775609035909
-10.0869147830373,-10.989352292115,2.62899324603709,-5.94853571038956,5.21849533573267
20.1856459890332,20.2511663255409,5.19998688983916,-5.3810462605232,1.29659750833328
-27.0410467038076,-11.7283614413916,-15.6338251438492,-3.40192060836238,4.44870656540975
-15.0953063069254,-12.8555374990531,-8.24865333167174,5.83906685270673,1.53482994534384
17.1832619164369,12.9808223121571,-1.66364949003117,9.23003871877362,-1.27346952187339
-31.5918903917623,-16.6388144663363,-17.9297775804376,0.51758402944568,2.19654000680747
-2.59351397807592,1.1693338970075,-4.92786683189681,0.911301163163736,2.07755692355301
-5.72230351747126,-3.84654328924156,-13.1143763825262,-2.00188853222288,13.9613853184991
8.00159008361271,1.20559998818756,-7.61758703779182,7.4255539026204,9.55328167656431
-2.46071334584683,-9.14185414239314,19.8834158894669,-13.3664892929897,0.0939280996526028
-0.145033122295307,-11.6543334632819,29.4887310239972,-7.04544221868378,-9.0359071431648
25.1973570178989,9.25707524975744,-2.92869486974528,-3.98323024754289,23.6754084923718
-1.59064789173017,2.53931741109022,-1.20194089855431,-11.9483587976109,10.932158483219
-2.19424301626863,-5.3013057344859,0.5072850316045,4.20641634833459,-1.71386272883081
-19.2851619664357,9.17263137913785,-6.33777901540524,-19.1176366890936,0.508024057580837
37.7312383987714,15.1844062404993,5.24672064671129,5.39820954765369,12.4273243349129
26.1197478312482,13.0055563937971,13.8248507642464,4.93925542193989,-4.2547271140842
-12.2249272654602,-8.67689156879931,4.99246382247314,-4.12498492063006,-4.03115631556266
7.88840567923883,7.67234411812329,3.96660261745214,-8.81603379610132,6.90985373850669
24.0690656990363,3.68017811279784,0.964218727234028,5.87588744781176,13.4520833773892
-17.163839862105,0.386386677955706,1.95187423370003,2.54391311181652,-21.0817103939402
12.702058848405,-1.70237312315043,8.83140578821308,13.6146261131816,-5.764214151501
52.1661531031763,14.8708023319555,13.1282549155448,9.17688875807537,16.5613488975461
17.2895796215601,-6.50715754406483,8.18582628465016,-3.12384137689374,19.0331748764006
0.28325750567619,4.30016730279587,0.121402511296105,7.81711842033046,-10.9116543079672
-28.1980518728103,-4.26107409960559,-11.5483596431305,-13.3378699029937,2.64624748237547
-3.37274603379085,7.55852435751181,2.12197484068222,-17.2930454014225,4.55544248569165
8.07602671801477,12.6365123676624,-5.31996148211701,5.50439542538875,-4.67403703031057
-16.267438830199,4.61729555063857,11.9488224882082,-21.3119786386004,-10.9757214363534
-6.90542074423923,13.6345308521163,-5.95119365048747,4.53422497805379,-15.9786230398362
-26.6535103632677,-7.64894576801999,1.19154144298227,-12.841579397593,-5.84065910506515
-2.69191329914983,-0.905643160907563,-7.17859867999884,6.77930769139595,-0.844057177064067
1.62535398949116,-3.09763745487901,16.4262704481728,-4.93101356601086,-6.6221593206252
-25.1423022563161,-8.29830765284701,-7.476447973616,1.40231734097885,-7.91447222333725
-3.28199931023721,10.9198330594444,-18.4948557460057,-3.59401945133389,8.77878334529412
22.2622820600851,3.09041565408577,14.3058041856057,1.52274360428335,4.67716916512178
-3.32193241769834,0.455355178803474,-0.191589220989832,-12.9736200706541,10.8949753737017
-12.7235380619453,3.69850193947303,-5.65179351506761,1.02677786852906,-10.8104118288022
17.9728961001969,-13.8589803152343,10.9564275319769,14.6807564560096,7.3035479813679
-26.6348906362475,0.947046922193301,-8.9957235220213,-5.39727771797995,-10.2740714596741
-7.28405433593997,-0.775993390751607,3.18138282276697,-6.54881298710154,-1.66676287953658
-30.0857801235966,-13.4810025481799,-3.86611677266314,-21.9180355279197,10.2608244795399
24.7075743236482,2.90696691875101,10.0854509698585,-1.16082721056461,14.8312544939033
-21.6515553897222,-6.39617138272577,5.23209140224785,-3.08685524390327,-15.7909887939424
-20.4008946255801,-3.14505083044251,-18.2468569420485,9.82082163677512,-8.17816603609836
13.6342417131006,-0.512832160942547,5.29440227116973,8.49545760968743,0.914642786495507
36.6318741466298,-7.22144106732,28.9102018982365,13.7367124414017,1.82877789542143
2.54568034542695,4.94302232168802,-7.14992531669591,9.0229342029863,-3.30548764549165
-6.76279317475335,6.75335981899185,-18.7374130257329,-2.56921948680406,10.0235998826821
-5.59316903599483,-2.99186308834305,3.6038164694867,3.10456769861827,-7.94160021496657
-11.2778173868526,-2.42057623602666,-9.12681919476707,-4.79689248513391,5.14096598873707
-4.65495769724452,-0.0706241168240036,3.8557707789675,-12.2416493496652,4.13135277280089
-6.06320442960757,0.815300005934299,4.34756707467686,-0.591295168131098,-8.02784909711252
-23.6879744849168,-18.1599822757178,-9.77576040841407,7.24946005162831,-2.17248507292407
-19.8737928893054,3.36422270862504,-1.76481222209593,-9.28103597550277,-12.8407084319847
8.70246872343067,0.74675875464603,9.48429828421713,-2.78058086764142,2.59651056017505
9.80138049742884,-14.6582450097042,1.31739644399238,14.5495146164665,7.76081324183031
26.8116031370975,10.3970069731028,12.1904977512531,9.16972638079919,-2.68210712658799
18.5011557364847,3.45483591834521,11.9398940432694,15.9040214022721,-10.1943152744025
8.39941102485067,13.6710490743856,5.71990406993805,-1.90127432010943,-7.82532400171877
9.23386620201453,-6.0706331936748,1.42083343979103,11.0296624344267,5.21854660543619
-17.3904331914727,-8.59643894988052,-14.9174620028233,5.77963905614029,3.26579508697688
9.05001400164634,4.19799762267127,-11.3393771725289,11.3731739868383,4.14239284876737
4.87371527069031,-2.78368732534042,1.46739841538112,-1.02331904533218,8.1226939601693
7.7881426212068,10.6935200171565,-3.43563235377173,-0.965356137485384,3.22410245515777
-54.5349780258886,-17.316232285315,-19.3982339520932,3.00483145246676,-19.8543931771635
-2.39216151382665,1.5745400562202,-5.43873457151268,0.671017626744034,1.62750721023762
20.6268448634125,14.3776015923823,6.73727006749315,3.23013576251093,-2.5821222420351
-12.9030374624449,-14.0365668781587,-5.3166364312404,2.31865198840426,7.15774310656235
24.0298337657708,-4.78506073870259,5.49554138482037,5.5119222435662,18.1979169604987
2.33760823232798,11.7547425488555,0.467471084316056,-4.38895598270971,-4.02270344953327
-5.52779854307028,-1.43584435285953,-8.95840994768424,-12.7995746812902,17.8089536952422
-2.14539664514021,-6.12696088825856,4.54150373118635,-0.967311592862251,0.93504968799691
20.4809951522738,8.8081639415202,-0.494439586516041,7.92124382279514,5.47269871447106
8.49546354711056,-5.67124916163624,4.65034592774991,-5.65426229288619,17.0671810385858
32.4333712925393,-2.34511525950085,9.65730338579931,2.16066206560402,23.8398666218084
-7.73521101250341,4.98198732666905,-18.5991636786177,5.14940819937443,0.784133846145758
1.78476622994118,0.711067972215475,5.54724309978893,0.37924425537245,-3.68192657525411
-15.2480044170957,-2.07936637941399,1.75241838231685,-8.09808956959475,-5.42282107192471
-14.9403873472429,-8.18190817421142,-1.9588577860632,0.441312519534762,-3.64821016176129
-28.3372762255085,-10.2325880888257,-4.42599924688283,-15.4531595415582,3.24703500660632
-12.6716761441931,-7.63524515197012,-6.72943645064216,13.9592250817965,-11.3981389366723
8.84666379301822,8.08043847974409,9.49960479988349,-7.40924012975833,-0.124771518227372
5.41786300064738,22.8381229011859,-9.31555051633876,-10.1242461825396,1.33314690942973
4.97237350578242,5.53976578168887,-17.2013011718479,10.4882964846284,8.40297150006866
-8.10112741313172,-14.3206614792545,-2.27600807830645,5.30205415515644,3.54214654883934
10.7406004386245,-2.77644926001498,7.03370313616576,1.03974876884763,4.78687818812743
-19.2044529393781,-20.1483478417079,-1.8829122987255,8.43278588185545,-2.88146942253677
-9.82643871176569,0.739459005390397,0.21763135418663,-3.13895878505683,-5.82183856214575
-11.3070818124224,-2.90619046440395,-0.799545260145886,4.23503486677857,-10.5026995722272
-9.85650817075769,-7.02439781560708,-8.27444631553426,2.10886907375079,5.77539091855829
0.623286557836114,-17.7674295726121,-1.16579819457592,15.7244631671017,4.00218622683562
-10.9273960908018,5.87534328757346,-17.4936614940296,-6.48789784676427,9.25318423045379
-37.8145429323624,-1.3560426542549,-8.8331946826334,-18.1393973353016,-8.1868381076408
12.5253908111015,-3.49781389148541,5.74426867911695,7.09204877102985,4.63318999143057
-22.2138954355735,-2.77123900049024,1.96837108578546,-23.7056175103274,2.9915246417726
-14.6128003992569,-3.40984860328553,-7.13285292185475,-4.90650199144529,2.67560363026825
-6.98811156957583,0.498713930564345,13.6486973969862,11.3728662753001,-32.6312245946763
8.63974455026543,9.87312141270196,3.63012140051027,-9.17613099532496,4.76827754683428
-7.5478639907852,-3.25465328615787,-11.0774477185389,-6.18110585253977,13.9887442732738
-4.37882521219183,-1.83605719945105,-8.95586423268535,2.79181313481294,3.49640012804741
25.8722639508418,-4.75210567506105,6.32587867178069,7.00100330019587,18.4207941335339
-18.093014012806,-2.85041579755041,-14.9255770557991,10.2814721365813,-8.25293090058755
22.2798111971274,2.08842279698701,5.92642473563215,-2.72916623498111,17.0090961008353
-1.1623654614221,4.7551611897155,-7.60040372453107,-1.38733181624319,3.38920042643647
-38.6917576581657,-7.27910863021597,-22.3676883989519,-5.19779537119926,-2.75386942740312
17.8145201179252,2.15693029812133,-1.28207538002454,-0.151414425223682,19.8354864714259
-3.97380068447473,-1.68735849642138,3.39189629922645,-4.77895251750088,0.573141300358782
-8.83995006494528,-16.6003319296117,15.3998230625044,8.62945856183649,-13.8407832944345
14.6594626182942,-2.26090464922052,8.45691887050292,2.16647099616609,6.49461716845645
26.6833666108335,2.31544294169257,11.1859023152755,15.1529395437919,-0.124286308660008
16.6481048376263,-6.5923283335696,4.3686443210849,12.6330746300084,7.12491820812456
-26.8252650462686,-12.7430874740768,-13.5966012051139,8.83956597586792,-8.65169172793478
-32.0464140295681,1.55026602678242,-16.7527234562063,-2.65519801142848,-13.4029184702911
29.2362630970798,11.2896975965832,22.5186233321874,5.18770067336985,-9.78143258780952
12.5713401357356,7.39807131229961,7.61582352764783,3.15791434353588,-6.25704488301638
20.0181553576401,2.92925880212851,-6.69593949811568,18.9703631336274,6.09971428842015
10.7572616815847,6.99851374857335,-2.92282944197084,-2.3427484542992,9.79194538830257
-37.3936918896213,-14.7941043999704,0.844678657120193,-13.6205369116978,-7.81207381694533
0.884172587866866,-10.2971996845381,24.5712863801161,-17.269309458655,4.80147520746676
-2.65093451425468,-4.90298735411988,-0.396859973193171,-3.20331669888393,6.24408199975729
14.6440813495916,-1.13880812534974,12.2951428037018,1.20624456289886,3.26612239866306
14.9741847193049,11.3891981099758,4.54114704090584,-1.66219959165695,2.78057092013246
11.0434490924168,-1.11799814272093,-3.03690331553438,14.2469062916923,2.19919810559628
-9.79097859414618,-1.70395670282687,9.73036546281455,-3.21664611649872,-14.9522145282571
-41.7560855868758,-8.519977710859,-4.40623003936896,-13.634566273745,-12.3361122538373
6.60655372992712,-21.6569667658432,4.34242312999452,13.3637233547457,11.9509438152168
-10.7019053116463,5.89143159309312,1.22697463307077,0.943584549202944,-15.8374771990045
3.7550237980067,3.82088580352062,-7.62880847681976,1.65440037966139,7.01814743492341
-9.85722348430957,8.9267183919033,-3.40995614984518,-7.41786085685359,-6.07657506931471
11.8648247129345,17.635289516177,-3.90961532331793,8.63031286155082,-8.37060432792849
-3.01158316659579,-4.10992129458027,-5.0435093649041,6.833291387498,0.682572687704272
-0.842014086570293,-0.734723705285644,1.47492270640108,14.5502095267747,-14.6841947467474
25.5358955649837,12.1364392249039,0.376933451941859,2.45671755218669,10.7335516526084
4.22529936232543,0.941938084777463,10.9690744908106,0.0232019306630615,-6.12334611991142
10.5572942633658,-8.00546829529204,-1.96236515276333,11.5777031250692,10.5475245798469
8.12150518467891,-4.1944875228358,6.0628838216407,0.953364603289116,5.36632142499026
9.93254154349505,2.41078143110652,-13.7188956363061,7.16334789273537,16.0240236661831
-28.2701613808742,8.8573294408305,0.174360001121632,-14.0621235790201,-21.921889834792
34.6971636953777,2.60004523300069,15.2417141334897,17.3759854181874,2.43523065014938
-29.9281874511813,-12.2953046230474,0.466804561830148,-3.15308988602273,-13.760901197686
-3.23963213349334,-6.66629568823383,-4.57902703861095,2.31648323392329,6.02801792478131
-13.796532637959,-1.3617448642158,-5.22324319060965,3.1212604974199,-7.82578198736588
-0.513336395413607,-16.0073021113162,10.790367516124,18.8554530700747,-12.2964653951841
5.53587161976811,-18.338154582224,12.3702970880672,-0.00665070948803111,13.4834214029524
31.9878999379148,18.0057392755495,9.49256837288121,-3.57860299656025,7.98957000107985
3.49146938708162,6.07692187656693,-1.35578859004441,-0.160391345639669,0.565522101500337
29.7067823240678,6.04006529798994,15.3868039492861,2.2786456304115,5.93769767822239
-40.7340914864664,-5.7122385183448,-5.76003196869949,-13.9059803744648,-13.3982887222077
15.6599462198833,10.5560296829835,-9.53226529291569,22.6364299176653,-6.82624305460643
34.6098904047621,9.06720691010752,1.29407685839974,16.5684269125408,8.91141394817835
33.224880295654,4.19974060258765,-11.1972811291986,12.5344807962465,29.3280203815183
51.9758860812487,7.87334244174836,20.5228963188668,14.3043437521956,10.9116161294526
-1.85044101297138,-6.38117816913931,3.5822832853223,-6.33381544424984,8.23412931169936
-7.49168929519996,2.68326021501442,-13.4844708986813,4.51537213977487,-0.790667065215342
25.5548208156253,-7.48429701693783,5.42985075340533,30.3426662882093,-2.57903875876088
0.177058456292497,3.44859107061568,16.5583257570203,-5.04803042229973,-12.5922945301216
-13.3360040333538,-0.442316879768031,-13.5857057598152,5.56937573372189,-4.71991989700252
-13.9484763182159,10.1069321268761,2.86853375449464,-25.1071007980514,0.269479020144261
-22.6061786482417,-1.47766401511679,0.390036667813382,-10.0846614949495,-11.300420655771
0.902930196310481,-3.83793914377347,2.31718831946197,1.03510377800125,2.13647620731294
9.49814132104497,-9.05026107118713,8.51856688251659,0.414942077982375,10.0286303883213
10.2981981810664,8.10127606151986,8.67754943787887,-7.78097912195378,2.74458796873274
-41.6039893669359,-4.8269703856722,6.0347600541698,-15.6082187253025,-25.8706603543953
-22.6695220641481,2.00626296857566,-9.01653354767826,-3.3614993585608,-10.938024562967
-9.73354398722748,14.6665314721099,-0.348057441364681,2.58543637292556,-25.7773461897557
-12.2497531598535,-21.5447789370521,-4.9126879079579,-1.01821804195693,16.0800655585545
-10.2696452731747,-6.7939869328651,4.26036726004247,2.85379028667597,-10.2221477173757
24.6771941597654,16.9633724354418,12.6154165389431,7.54960484151901,-10.9165905302728
17.2792667756825,5.71687196790628,8.13330406861068,7.45925650771486,-4.6173198588516
-16.2910182764554,10.5712208412199,-17.0987319973539,1.44169877732496,-11.5964795389431
19.3063540313455,-1.92716866677964,11.9856930305615,15.8520837616704,-6.39637068579594
-1.43586908332716,4.05743399805008,22.4031794005539,-5.80317765495029,-21.7733692361944
19.4143314099176,10.1403356386593,7.3685610395712,3.81640019081331,-2.60102995904122
31.0381824755984,12.8205033146342,-14.1221432750681,12.8894915011185,19.4052862361732
0.601771838763959,12.8443580756353,-2.09733015345436,-9.98900480763211,1.26927058768477
8.56761384891154,-4.65268672667254,6.14012885403467,-3.64830243177518,10.3229957149906
-7.31388541532078,-14.5615226839389,6.30554911243658,8.43279911844244,-6.74619722869763
30.3545823042962,9.18025991393162,7.48529440672607,4.04945367917585,9.71100600487827
8.03615808182445,-10.8452005959131,-3.39892980371051,1.62889481983883,21.0674609675143
13.9028376132198,-11.9087287522286,14.6477244364176,1.85573373228958,8.95980559034437
-11.4252181874222,-11.1801675906328,20.6744633304881,-22.988555294703,4.76233168731148
9.97986936718943,1.12425434278534,-0.903324333828889,11.4453446162567,-0.947704233947654
-14.13734548156,-0.054746006307426,-1.7284434115274,-4.96504328775586,-7.39527090735262
-28.4507145674899,7.50379438314527,-11.7181730876223,-15.8606071208261,-8.29423075272992
3.17385490824918,11.7911239218833,-0.200346999478408,-17.9699872576079,10.8410156589176
7.82379438302584,-6.12021466065899,-9.74158683970749,11.1476192714003,11.7999851547068
-6.14844115739778,4.72398193341988,-6.81890092189164,-7.14801137501745,3.05713672182759
16.9735471799376,5.7111300249472,-5.43985730143247,14.3809396226675,1.47779115994176
3.53934529910103,13.8583849060928,-11.2088324371341,-13.4745488062412,14.0628266613356
20.1557639618774,12.9894997313012,6.98334910119775,11.3809383981509,-10.1552034362793
16.1662359151164,-3.06048722245862,11.1561981772782,13.8973940857058,-5.98397527866202
29.8130746944303,9.70716724400404,-5.17382471101984,21.2011013207814,3.90497884201935
-52.8387541857648,-21.5701426109659,-12.9007318763548,-10.9039262958362,-6.0091889876807
-10.2611577299705,-6.18092094278109,-0.190440448873265,-1.41818788642703,-2.88280620069474
9.07504521433406,5.28140267564512,2.9447502074462,2.09856977819195,-1.28966579583367
-28.4388850232828,-23.1837119534026,-19.2023993108029,1.96319766537471,12.9072322811939
-22.4059154888559,-14.5277996912651,-2.8199504781725,-1.04010805596288,-3.6231940003065
-19.9649712148987,0.383495012923155,-14.8763992100959,-0.346424737700101,-4.57178039827614
-4.19997258518791,-2.71670249426148,1.8915802815206,5.76472315869208,-9.45584191589356
-2.87417269196845,5.02675602437497,-4.87220860330096,-0.514265387557352,-1.80092792672314
0.609239746683522,11.1629542350436,-4.65765838062856,-6.18076650515289,0.232422754115909
1.67916025959132,1.83220211587897,-2.1754804606601,-0.963501570681181,3.86625558790761
-14.1543012001044,-2.83014420333008,5.44570169989689,-2.74249248819851,-12.8698881030874
-2.22016901406245,0.698966198954047,-6.61675695384584,3.90706439947312,0.0834436783126276
30.9605732917057,7.39554258960795,22.8589553841087,2.49147173312507,-1.77846422839346
-6.15725902944847,1.84547375965809,1.65764850742269,0.693957300707262,-8.64753716860858
-19.5778087775194,-0.410992339761716,-8.60354382523893,-7.384451344183,-2.30733160879921
22.003419234505,10.7761283321944,17.0688608305696,-0.761935971704482,-4.05564427056605
44.1815250769044,2.65818618201479,7.02086954295225,15.5851593199077,18.9241827896088
26.5543612906076,7.95894011816513,2.47019211784297,16.4817802593204,1.54648702446386
-13.1558493801169,-15.6900256719959,-10.7503983836842,9.38290172933068,5.22216515476888
17.9056694701031,-0.878950804800336,8.70773416484343,8.58816102954092,1.89444102301506
-46.9319978010969,-3.20068843791478,-2.70904323273535,-20.8201032860324,-17.2045784128726
-23.3780919219901,-12.2981563398336,1.21725014959515,3.4453752389821,-14.6211078058713
10.0856767009937,-12.7662920637717,0.437358399546025,8.13604791145877,17.147170130719
-14.7252686692688,-25.1189534237734,-6.74744727185366,6.57896503967223,11.5128976981002
-21.6283436855953,-8.00791497847754,-1.13684102098115,-5.22254197611017,-6.35884145743512
-2.76589913178085,4.52024981280915,-14.5659584129661,13.5123349106426,-5.26150682121554
27.581267314816,-0.413521879295336,12.1290478584639,3.9140504521203,12.8313370580388
-29.0061872352333,-4.07498872796536,-7.00091082393344,5.36730462982141,-22.9769140560788
-11.8242283805659,0.44748605239845,-2.0226145609794,-17.0640146002486,8.99061876885936
-20.1101632378737,1.82402569281565,4.7894404200608,-11.0148799631906,-13.7745728369799
-14.4177130097992,2.81172822565397,-16.5971656583842,-3.42013429732464,2.65913314408001
-16.8738375564465,-8.30934818900115,10.2585183245031,-6.18472608258161,-10.2883479467047
5.47409243886282,16.6686271863362,-2.25147103556663,-4.50090304120775,-1.53221696204863
-22.989920088911,-8.61141695262166,-18.5060749771086,4.2816361472347,0.909866976799504
27.1857607901027,18.1107434361573,-6.92397306369448,13.7021961240695,4.24366948832269
22.6184540144833,11.91980577708,16.7791807875729,-4.4320246435944,0.857837825559771
17.8540599409766,1.55941020741594,-3.22684195189097,13.5549394836793,6.2667513245355
0.710017597556567,5.72804762501959,-13.5703595945338,5.10031201876831,5.54980584663137
22.0573233869732,-3.72098029614944,10.2689529973701,5.67730514022182,9.89953120056369
8.66486923728156,10.3815829941475,-0.799122193922644,-7.26167204220311,7.9154017331541
7.23401681148608,3.26574271556021,-8.3235633792105,5.72699759960379,6.81542637562266
10.2556868275807,-3.97347893157323,9.65122623339911,5.46097971690102,0.855728762533924
-14.5800191439951,0.746758314942699,-10.4515241881831,-20.5874341755106,17.2417390353012
-10.9546422638374,-20.1245369636751,2.69475110698166,-1.26263871720824,8.41187582606486
31.3010633694815,5.48608242478919,4.12726983004445,22.1184441669509,0.674029900196563
8.48961145050096,0.906156307257845,-8.93235977257379,8.03801692480852,9.85066050117365
3.87455316715956,15.0991798074829,5.5719517291954,-10.6682078952653,-7.62243424955143
-13.2045810760962,-16.5177925675853,0.552009585053878,-8.11522799608512,10.9931911997287
25.1542524652749,6.93775100015985,2.87219184244712,6.35770291712508,8.40797831462945
-8.69636102273171,3.90766717547316,-5.64490140407658,0.984200804659194,-8.04404400685426
7.4138089280154,0.669595906888931,7.96324857599763,1.78517502675437,-2.31858202372949
8.05417285698185,-5.29825137428785,5.06373395187053,4.48437073792283,2.37737424788847
6.73600227653669,-6.77479291003983,-2.33032267775433,11.5245776218166,5.55160877071979
-14.1063293656442,1.21975439685661,-3.89395578292392,-9.17894458084644,-1.15917075503705
-8.62050758676888,0.101679835848491,0.524962797442745,-2.40272609770753,-5.09990893512893
20.8089316274829,14.5651728725787,6.88054344980243,-10.8048393994691,9.86857146398113
10.1642927811053,0.0611175132673182,11.6050560757082,1.88411126668166,-2.50257307934467
12.2441215572935,6.33624418563943,1.17115831326364,6.33658451694061,-0.621602537860719
27.7674958951124,8.7126672812442,13.1330363612563,7.12310573202866,-1.47727331216355
-4.1303217012502,-16.2276530103713,-4.11480207643015,6.14880605163786,11.3916210110488
-7.32058508297903,-12.2787427706215,-9.1550402948449,9.43957832371172,7.16748880334426
12.9806460251472,5.63171688156623,0.41568199643925,4.45686363578273,3.38736440117459
17.9177926999532,12.4306517400183,-7.73955805568353,-0.32138738970612,14.1669577386101
26.9081703359627,7.22062517839847,7.10162642370175,9.17815868030278,5.41223796468207
-14.988339924109,-10.3706481648241,-2.73931098619342,6.27821964797212,-6.21071006482312
23.0659893168206,12.6095002801131,15.9837424428651,-11.7095415420551,6.74199896554143
-17.6846923266886,-17.1536218487702,-3.98017999718279,10.7282371508985,-5.3391763045598
-7.79434825747604,-3.63266380294353,1.76721797979981,3.41781890023534,-9.51042486177244
-31.4072553131702,-2.52243720951317,-3.10295716300713,-9.48874110031282,-15.4425165485925
-29.0853412414698,-10.5482035250092,-10.1616936923698,-17.4205164175564,10.6036171895009
-1.99783718760167,1.24195719397185,-6.77692670533958,3.72277117922746,3.05280144843662
-10.5379576902676,8.98063168164067,-5.75800164507938,-20.4829106536939,8.39274770014297
-2.5914164589039,14.0770668547695,-18.7676530916148,1.69951236679076,0.88750812797377
4.88357870443231,-7.84740948924817,3.31452751874018,8.21877927676523,1.38924897491768
28.0796202282535,23.6997038039122,20.3770824771252,-8.09761827213436,-4.62329850105182
29.434222496465,-11.3225066881444,12.6925784985593,13.7095801963425,16.1205546300184
-23.8574788688598,-15.5299265000509,4.33122408935574,-6.95902147915942,-5.12941086500317
-1.29090859573203,-1.71954090915889,18.7348025773183,-15.5381665338625,-2.47516206812414
24.5508158383351,5.90511389613516,12.5918805547721,5.03296157162696,2.08757779262714
25.9344336081622,8.82740143374233,14.9042066641914,7.65591195826346,-4.15190350725966
3.81645034458217,6.63713951278266,16.5612579678931,-17.6818265764525,-0.568322723607922
1.94583625407132,2.10240830563057,-8.64247414450703,1.35304329090814,9.20391591401553
-53.7222721706717,-20.4594937272839,-27.9448514598427,2.54337391502329,-7.38836409474359
4.43358557121235,-5.14039804896712,-11.5587864546114,9.17976392732573,11.6449084957441
-15.9442108301053,1.55887938729378,12.0246886335395,-12.6233988062672,-14.7096408329986
-2.70820433141467,-4.1543593326887,-7.75971790543317,9.989649507173,0.1895518217721
22.9490531732789,8.38750226455097,3.70756940269212,-0.397523004233949,11.9499977549354
0.371621203551826,7.98686280161902,-3.38328057528697,-11.0187055820373,6.97572747877765
9.61631163478164,-7.99345879273595,3.95332861095371,15.5640095365996,-1.57738012064799
-10.1237931048432,-0.490647647291009,-3.14647092241099,-10.3509823417187,6.34955114832699
-8.13112112878801,9.27923703778399,-7.12418468010024,-5.59963887730848,-3.44548053497406
1.59959492417004,0.0743810691792744,1.53406735019455,-0.421862722131894,0.373496526709223
-6.01163688234104,6.77234199405682,-3.05606689926184,-8.56700719043734,-0.0396207052061574
-19.9520915734377,-5.71398384385504,0.213906249982176,-9.542705725907,-4.00418744359698
-11.0364446380257,10.5540512698172,-2.53810763764877,1.93596335634251,-19.8238091894882
19.3677576188391,3.0054578109966,6.35137676063407,-3.97771424648292,16.9141379868098
-15.4510171116163,-4.51551691616448,-10.8088405836721,5.83579974378127,-4.22937678921802
11.8593399743296,18.5368083146192,-9.05930950075611,-4.27566543607669,7.96244868310138
31.0361502995404,15.9557589416257,-2.51845140252118,10.1557617356367,10.2950553340917
38.3388214332523,5.56095793619241,20.6359756457776,-2.53896264848297,15.271476569886
30.9819603496544,-4.431625468982,17.6318885254789,2.38357442515623,16.0060167659311
16.5705818059883,-8.20793659550065,18.2264874673212,16.6390386815051,-8.55787473854299
-29.4045041771604,-18.6490734054209,16.0181340040765,-19.5293917101894,-6.69067080265543
1.72474483866335,12.8372522979688,-26.9100606227211,14.2186275506125,2.05391707374432
-31.7385599157684,-23.0300528718219,9.73655522520969,-4.45646426271303,-10.2605070585507
-39.3607289670235,-6.04698121833552,-8.71830376347581,-4.1568347601977,-17.5623860333772
26.0737200398945,17.5944370366953,4.39224757651237,-3.45318055477831,8.45536989642873
-11.0924675968967,6.15122739010584,-13.8143565030256,-5.65636545502527,3.84444977265246
-11.9666468453634,-4.19431677621725,-5.31167563193658,5.53920557343312,-5.12221159755355
7.72299704656441,-8.62972713196616,1.20261527413998,8.10970170194492,7.50503763669195
-18.0213552900104,8.66993042206331,-1.73890230729193,-6.16042852505437,-16.6039664474965
1.26708193377253,3.91182733352086,0.141854958137299,-3.1645967551321,2.10481167468692
34.8372743499825,5.13839448275061,-1.67867204276013,9.85348064701614,23.2470887782384
-3.93647107230222,6.5407175756615,5.99074363151025,-3.12716004236503,-11.9591995033337
12.8836516028455,0.730117263404528,2.21262114478964,3.1607276543098,8.44990810339193
-13.3185508615184,-5.74469800164137,0.270285218183981,-3.09026155301359,-3.1730341640891
5.44521701496361,-0.544018341341464,3.53003598515602,5.11653424429395,-1.85105112310316
-12.29200687582,-8.57576819648762,-6.0252663504461,8.19692378755912,-5.5117504143909
-15.6454715434988,3.34288985810503,0.78598335973243,-13.5795835698877,-5.32545655721328
9.65120128823215,16.5328696468907,-0.902627184913371,-3.35819686412098,-2.21369530846844
-30.8268701150346,-0.271747570296474,-13.4854733488551,-5.20872418729781,-10.3198736122654
20.624453115317,9.95468926024292,2.56978904956757,14.3394284257004,-4.60209428599701
8.6243354313418,4.89168687135089,-7.16187533745077,-2.322094393626,13.8043152470654
-28.6252389301043,-1.65827574536652,-10.8726843166954,-4.84535382568222,-11.5790809003784
21.7948916354873,19.5478749063675,-5.06641617449859,-1.69922423617161,9.81125482641971
2.93247630217099,2.68699563709314,-1.21482517303703,-8.74746499905622,10.3184732975015
-23.9658824303838,-13.3182864174018,-2.69221840691209,-11.6904089176578,3.64097462605023
12.437813108246,16.1911388263798,10.0847920660669,-14.3633556701275,3.07612626029581
9.65850920355178,16.6175046743789,-0.823582395585028,-2.87779016748387,-2.03241707426878
17.1114153315214,-7.29629158237391,11.3072547007948,-0.317609981388698,14.508091743544
32.8153412455583,9.96511942218194,12.2946346165712,8.45495137849319,3.69488872720446
-0.904181861986291,-18.8162706078494,0.0283223944968701,8.55346344380684,9.88256695779726
6.06570584135055,8.90875753357899,20.836365599543,-6.36717713390115,-14.617081917986
-8.16685873408232,1.47778739854478,-12.2659684783957,-6.38894974033689,8.34676055366638
-5.27588610107105,7.99494992479954,-15.51618861817,3.77368679574106,0.108342048044156
-0.582137812742752,-2.50429144845917,3.5296757508058,-5.97156415351591,5.18295316625369
-61.1291240461025,-26.4949286658338,-19.7206226781609,-6.66949893044227,-8.71311425825174
-20.8194523199347,-1.2704989585581,-3.49860298224889,-5.04317427309196,-10.8178784240421
12.6923282012099,3.47588928331683,-9.29750813840766,8.37580083073556,11.7697546976099
-9.50979299034445,-5.76339026272099,10.8143908309235,-10.4734724886765,-3.58980150200832
-30.5003301845842,3.41756691385286,2.5179146252991,-19.8847097634171,-14.7773113024088
-3.69342306567105,-2.62539891991966,4.09917587037521,-0.924131971014104,-4.25763790281727
-3.12527292725659,2.72288486155873,-15.6226420145213,10.9945614838285,0.38765612223914
-3.35977378259007,1.23373831149492,-12.5594408927516,15.5458213931635,-7.9464866535925
-48.9887248943335,-14.9978337946791,-14.3577823692813,-9.21762717481524,-9.74623022725939
-24.2375384208937,-18.7305405525144,4.26527596771296,-12.8555504479166,5.34178702940879
-7.69004038224988,-7.28724235652315,-2.26153069640362,0.948692991039824,1.62915375495628
-34.5838444351336,-7.82325357139642,-20.6070539391476,-15.9979907649483,12.8030732575817
-14.9157984746049,0.0802964740678393,-8.66273093092418,-4.20375185011388,-1.75359162389812
-20.9646481300917,-5.24658521946854,-9.32596038948365,-10.0231881997438,5.10940615072226
28.9070074129588,-0.126394521638208,8.24594456998207,3.69225167962338,18.827141498922
16.9227140757701,9.27555692372249,-14.5271799405613,6.1378091370233,17.5391614223367
-4.489133278602,9.10257902289571,-12.0111926253335,-5.16233969581661,7.28686297644625
-1.00564902882886,-8.94573169280218,6.26047745088603,1.83811098817301,-1.17702884534234
-16.6064105517031,-10.442920030863,8.26206972689188,-0.533410417978844,-12.0285350306364
13.402937364981,8.05277516837298,-1.91299106649241,-7.35468168073757,16.3373040948724
-27.9772878439208,-8.3178758532944,-7.04735622041553,-2.12708881008914,-8.25396455597589
31.9817518301069,12.6703655425684,-2.51062305833758,17.9880828222815,4.98598034457165
-15.7660200983691,-1.58805916891154,-2.91479921462679,-0.25407374217555,-10.3486832367829
25.6431492134598,11.5040787412038,-0.374354077775871,10.3953093659296,4.86623742044585
-1.37211876168939,-7.48944601883854,3.53925819918825,-16.1670011320753,22.1209523722949
17.0566896951786,-10.0857478745876,10.7999406377613,-8.48793352880715,24.9834027692339
0.0194928597633655,9.38763383845384,-12.8596523883583,0.656412510334343,2.75505809874461
-2.10345893477501,9.06043096461063,7.94560218932137,-4.64325791281656,-13.3322447444556
-20.6139589625109,11.3329083891001,-11.5195111324729,-14.9624001635434,-5.2837823709064
1.15212279547969,-13.2697762839649,-12.4747522984407,21.782440322485,4.7559246998654
-13.7372512411806,2.46791478051521,6.08179029887035,-7.01639286859491,-13.5319018096586
14.8959750870414,-0.573986942125724,3.54268057753882,6.0613781417624,5.46496399343286
-2.069242408554,5.4388768310617,-8.1833939986968,-0.599999876042082,3.30222079743463
-35.1062538308369,-11.5035235507168,6.34999836914997,-27.9395399628209,-1.96935442458414
12.4121500181309,5.35817872014059,-1.46743015890314,-10.8705831325218,20.9019027205822
-14.9203073670392,-7.70707745501986,-13.724310300008,7.74651271033754,0.74610077742411
-6.43352432395614,3.22237715238555,4.88464461935073,-1.54314632573391,-12.2648114683748
-36.35263608107,-14.1583489139647,2.22360734904583,-17.1704142196382,-5.25895628157307
0.393053532855313,9.88991597988553,1.77730617345841,-11.0328108436161,2.83865887189764
-35.9539219806273,-4.07885871956182,1.05492411183262,-17.1386136970408,-14.6208027468132
-5.11051919678938,8.85699967910274,0.470959308097894,-9.86385168137549,-4.05982486568629
5.57863778357095,0.54898404320001,8.01967058450814,-11.4200671378882,10.1731861376602
-16.5452333405722,0.602230604263281,-17.1690473172425,-2.8137527908635,5.38659162465938
5.75931845340262,6.81001456771976,-11.582349125279,8.10036157272902,3.08499995390436
-5.82473861779765,-3.3697073683936,4.055452111637,-9.33937676654677,1.75293705916233
-16.3935872485223,-8.51147099961457,18.1309494704634,-22.3872497248449,-2.88127565760343
3.13267908646497,6.15363697108264,10.0555466572098,-7.7375048550639,-2.61484000420234
-40.0668512735132,1.05534914775986,-21.7219075240755,-3.26712906910998,-15.2009597779791
-3.75146645258027,-2.49613080415087,-17.0005575875927,4.60751828787208,10.2325231373013
-34.251995573736,8.22619243697917,-2.84972076643104,-23.6793123888386,-15.6580980146149
22.9906373681602,-12.0158667598038,32.138192472287,3.95989011343327,-1.22665576580534
-12.0490394657905,-0.119200434844949,-6.74516482422904,-2.3249911209619,-2.03029602180982
12.9852196230724,11.5116361078123,12.1479179256396,-10.458961419287,1.4350953386676
-8.03432411402123,-5.81342413153776,-2.9875547766914,5.09471449253371,-4.80687989432451
-19.5737772217005,-3.97907511144759,1.05150975751842,-6.23112400063144,-9.10283779991695
8.39427493641926,-16.0958590263978,13.9225626718336,-0.846001376367937,12.7352105734759
20.4848975761302,0.35464923847292,0.144050994594501,14.2702397695813,7.01552258242363
-4.32730009894155,-8.18584538687494,3.29057637973455,1.78165711836811,-0.687363227825954
-5.34220972778606,6.25377305245162,-8.44045336042738,-7.72865065179112,5.47816280738653
-22.0310343833994,-23.6795809577401,-9.13197408068243,13.0903983195706,-0.908690193305358
15.4345217057824,1.27135281624643,3.76261003697064,6.15383574432975,6.6618197364628
-10.2838416307992,3.08760126215365,-8.30209806787356,5.9350055163435,-9.69322149776292
-0.639480623491477,3.92432247007081,-2.35690277600476,-2.71433050861842,2.07087619584138
-11.8096051063452,-19.7576139446783,-3.71709534381874,7.42317780841333,5.67753243372893
4.37302101849809,8.75085797336979,0.378948890648611,8.8758579496916,-11.7349223440164
-38.3147550055019,-11.9436289646689,-2.82399906149915,-2.22015837564842,-18.3544402491193
-22.0003144308999,-6.03610495906926,-8.70288914216332,3.64377113702734,-10.2158780951377
-15.1551620678205,-6.83911053718615,-4.20769412531462,8.6662334826829,-10.2047775872215
-5.64597369287694,-7.27075738350973,5.4537880120089,0.411142756707529,-4.82549549425537
3.67188305082767,18.0100163633839,-0.16789583671366,-1.835447912752,-11.9474598298284
11.8902846624057,4.22674064689931,16.0745522129432,-6.80803465821934,2.21540919938437
-9.3918846437372,-8.53789735054165,-2.36894422288687,10.7677577554067,-8.56713147339914
-10.1654821178948,0.767597545517684,14.6896936430649,-2.00297363326156,-20.7101489371683
21.5059391396129,-1.81868552037782,-3.32020788446316,21.8253595581469,6.99990419041271
25.7065826032752,7.85761847830052,2.82198240160666,6.6296769105884,9.34634488918551
-40.4513035382559,-3.29759352510355,-0.405166727429018,-21.1388153217851,-14.9933902336337
39.8964399098745,0.7672315030592,15.6020015877717,13.8778103419357,9.91089872761017
5.68275270000143,6.28356389036048,5.97390133833545,-11.3210133477813,5.98476161829456
19.217696489288,3.56492240653758,-2.98188909867503,4.23476423118387,14.3734642802503
23.1136188751133,7.88940809301765,-13.008912732633,20.5276089795176,8.24387414459711
1.46948476033047,1.12708249885934,-10.3316128258778,8.41661706548049,2.46053296039507
-25.6590809142917,-1.13976311250876,-17.1461765422587,2.13656431432918,-8.80706775126097
12.0703896276033,-1.52866724892936,1.40570423910818,8.66707710866978,3.77071619076153
38.3106061957663,3.28220510307986,18.8053430704763,17.1389709454386,-2.18781282468719
0.760868543971566,-8.08808967333339,-10.6647496491343,7.62800327421587,11.9595336035568
-12.4339785758953,-2.49838475446107,-0.22512480955369,-6.08974872437548,-0.407983403774165
-27.3387668441329,5.28225691643013,-6.15978520821552,-11.4118358447923,-14.8181153650964
13.9558846758023,-10.3366144285994,6.30624534989451,9.22775048918551,11.9323332652354
29.0163027377535,23.7272020702641,-5.56374688303371,12.4476957451856,-0.468975491331011
16.1106133152626,-6.10362992127115,8.14273426206152,-1.50056134704313,17.3326948342652
1.36176056112364,-11.5144685843023,0.760166723869234,17.6803538997012,-3.43300989717155
5.62270002946414,2.34804787041572,3.51109171062673,10.0101390278521,-8.88929311959358
-29.5892380033227,-22.2308048623173,0.304829689291385,20.6162761033243,-28.8905623926188
10.2031853663672,11.3497837944516,12.9285292944969,-10.1176440541696,-3.07438959442193
0.221970684111303,-8.27358787746746,1.63817507626344,9.37452390766645,-2.51583243804168
17.9288077223145,-0.375394624516325,6.04884984100738,4.26722223407784,8.2870273512696
-34.4372811923746,-12.9170465607036,-5.19560787240614,-6.7704619663153,-8.20114086104885
-25.3502957218413,-0.471361937748872,-13.7855953970718,-3.35494680354777,-6.45630251515716
23.2979889474183,14.5435644379809,5.38814859956765,-7.95737335984626,12.5443030877142
-7.46563275058457,-0.885671835814821,0.258496493224689,0.496106969648546,-6.7418084205841
-10.9053039800439,-2.98515728492103,-13.2471747215149,5.16380267841922,1.12294901930946
-4.20347876869207,-1.67611178941867,-2.09117204266961,-2.12534009226249,0.683604108944154
29.6890329357573,4.87317742815022,2.84521806998048,10.3253861462441,11.7952108051698
23.6520091904628,-1.60418141909802,10.0520399764317,7.55754102425901,11.4357925628706
-49.0112430196781,-12.7558366647139,-19.6806128114711,-10.493090142086,-6.51084238785239
-4.90290115934503,-4.98545822706714,8.10753123572893,-11.3416092912216,3.19073853497831
7.55881340396632,-5.31154084056349,12.8116541497925,-14.2279768471716,15.7855515781058
42.4289615053001,20.1842137023555,-1.65144267653905,-1.69029039127624,25.7293094545283
-14.6584684989545,-11.1583209912948,8.48476980664953,14.0328135592183,-26.3085312884324
18.8352902428417,-0.457314816714752,1.95437967759302,11.5117291819395,6.44779845103466
30.3399555747215,1.24815364890686,4.27210115901752,28.4565281323611,-2.70120610077457
6.97608284795809,-7.18518510243859,11.0898738275435,7.55410406786273,-4.28157523849615
35.69826730166,19.8523800563573,4.70694492784382,8.39873883363961,2.68242331006558
-17.1270134114612,-18.1947726897394,1.17023009602124,4.66145927073106,-3.82859813494512
-0.501782505309557,3.22093915468594,4.49221759500564,-11.7070423359625,4.78200591205202
-7.94216015422256,-0.774093342577189,1.01278415300655,-6.8878065394117,1.04379537694198
-18.393813784835,-7.77567934802868,-5.16730781593074,-6.03688264019449,1.64340529031357
-8.43572778242412,-10.4133707178869,6.1497272524889,2.33153481360485,-5.34091975508932
8.62569517160302,-7.51945296451746,17.1746864263761,-3.52763412981609,3.15261545456598
63.0941313415321,21.5502921571951,33.2280401201439,3.3443532963062,5.66438641835062
-5.38502369057449,12.7893630440112,-17.53761629448,3.4835276948428,-2.11204088486658
-8.43781108543355,9.475766045051,-4.27103486556871,-6.95974145965668,-6.7973272849357
0.869220023531102,-0.845905984006067,-7.62984348491654,-0.766148738428791,10.2239725718782
-3.53986753995133,-3.48330744878105,1.60164246826265,-1.93752401779831,1.25361062238142
6.38853747228574,3.9003523694465,-10.7090943531783,8.18173259306949,7.05835640130049
-5.76134513966437,-5.84879316873322,10.0182546278145,12.675019540421,-20.0726001047487
4.64614756717624,-7.44803209711456,16.4660748636844,0.441147049164589,-3.15289502370391
13.5188694517539,2.51385127439886,-5.36303526310987,10.4150599885261,7.82427271493357
30.9378192352117,-1.26842288360422,11.1386570994345,10.8730013668371,13.8375334470275
-15.9773044701796,0.255662281494225,2.6026538610215,-5.52587910418626,-13.9552867972905
4.22576589986499,-5.61765346620368,5.58435944279558,-13.4089230484585,18.6072922501776
8.71527565666809,5.52093853486002,11.605029709185,-8.11055283592554,0.371179823895295
-8.80317398072773,-11.9541283879475,-0.779221777510854,0.598101541718943,5.20271317957631
-23.1806261928911,0.851202972928421,1.96219294374744,-0.168618586596344,-23.9294301445205
12.1539512916511,19.6516702220609,-1.22296707891276,-11.5958225761475,6.68384541479015
-9.03750277366393,-6.25460228848805,13.787042191997,-18.4992864260079,2.2614903805561
4.18276911530513,11.3516415044513,-8.37354318299795,-4.36141117722704,7.31391475553541
18.4142677518708,-2.50193970449492,0.490565436767294,9.73732893366387,11.3683279443905
-2.79519879711134,-8.05748235785312,10.5471347111344,9.60832239034179,-13.7201467718119
2.88135079830128,-2.32176344125103,-3.63645487799954,-1.87804489932403,10.083978100795
17.5044856744031,-6.20134056731616,-1.41529302934099,15.1825552807773,10.3191560356813
-8.18137798886516,5.10139613124776,5.37236624680135,-10.5302830657753,-6.69631963851609
-31.6214138325914,1.2962570372902,-28.0276815314209,-4.16916246352382,-1.02541226049201
-4.82828234166694,-12.0015524304285,-11.8071965791476,2.53721198183482,17.0856560933363
-6.61910397975358,-9.09458140182341,12.2913993628363,-8.92426473880651,-0.463244902526171
-22.2089039026385,-10.6153438914705,-9.47287676399764,-1.60751853520046,1.4850248498203
18.0450437352861,5.65579937046539,0.392511659098739,-3.48210137075449,16.5354967172421
30.8787063327938,1.21567000419119,4.75094661912543,12.8617173653606,14.1755922752521
51.6607523186129,5.49903414116754,21.6647459155519,13.0875166555907,10.6300532821339
24.0215446900189,9.25009392888078,9.10602494464694,8.07846796798035,-2.2826933642782
23.1294690407825,-0.389788026765176,-2.49954933461278,21.1829681757962,5.39097782244404
-34.2744070664098,-15.6599519856153,-7.11648973328259,-10.4995940050729,-0.449317854161291
-15.6474615646333,-6.8203228784813,-8.73141242149368,3.77505224175676,-3.49320503251132
-6.07408387514841,-4.48004981731872,-7.07961140585036,9.9241988824159,-3.71120485711579
-12.5914460377736,-16.5687632941473,-5.12085142288991,10.5604693053884,-0.739043795241312
23.9523671345001,0.0284064968172873,10.7392620531616,-6.09963317245818,20.010605721875
28.1212877023257,15.5557989368728,19.5169020243371,-10.9682006706267,4.25994256929734
7.12079849332387,8.69982620005333,0.25142346261474,9.90414989222825,-11.1246123427693
7.2409893136613,8.19200907438524,2.94113245968263,-7.03631002311678,3.2858123974953
14.9582432460882,-1.56382293808904,4.08838328024987,8.58055473612296,3.79124271404453
13.0197018550403,15.4312184160826,10.5457887001034,-5.21092586610436,-7.14145271917018
-3.87254028712366,6.35864703541785,-3.15287425074143,-8.57308956269505,2.51088405710553
-4.03597685747938,-4.54188673289954,-5.30271981639684,-0.189693466995826,6.9797139244445
-9.0064434481096,11.8385058406247,-13.5194013394357,15.7670104477333,-19.4941950160008
12.6114792843498,1.8130583919783,5.78491222386606,6.49354505692374,-1.88336542220828
32.0415896284938,24.6485723049206,-8.5712693456192,-0.596085341328588,17.8709425553135
-16.0589031236526,2.62768116595445,-10.7487456997318,-6.27080806959217,-1.30729260936547
15.9881795220023,2.14529945041991,19.0605325107583,-6.30081823356534,2.33483204053755
25.4308723911416,6.4128642729908,-2.498299408075,7.15092331872956,14.671795106857
34.7813696775372,19.471463227223,7.29208932738684,9.98134142239721,-1.34505490996499
-4.20584416118999,-5.43001888585,1.31877412706367,8.17136963775429,-8.6275013981768
-11.5713851511963,-10.0511235410335,-11.8851275097378,6.55181908880377,4.65362525110042
44.3209381279615,18.5715527747493,4.40957500398877,-1.21542153120615,23.4265306168189
17.6021346876244,14.6276578799551,15.664573885988,-2.41722262008578,-10.7621790623347
-15.6438750305456,-8.07305097302164,-5.2680100895649,9.71294341494479,-10.7357068997886
-15.2316499290547,-1.32897621122844,1.61820260948947,-3.98643196661863,-8.74670996572872
8.51856315842341,1.88915237629506,6.6739251713086,6.87625335756039,-6.17313009001165
-9.97156812140589,-7.70424373968762,10.7456669369186,-6.39916460794755,-5.07437629843403
-6.57844970571786,-4.05526400929459,-10.1189434548531,4.89459429523491,4.36967509798072
15.7467171735381,5.26853122762391,9.8039236686108,7.43146388166399,-6.30797911751929
-1.77605871550142,-20.0889419944418,8.66502459631587,3.09588169807456,8.81373940145729
11.8871298401159,8.23186228289195,-1.65332451256146,1.607298616761,5.60273299212948
6.6878659098485,10.5681206282492,-1.05253769635437,-12.2785238505846,10.333588390004
-16.3463688913622,8.19465428386513,-10.3417308996013,-15.2826968639709,1.91189872478368
34.5792728414912,2.61874180489135,13.4863374567369,14.8639009763071,4.44665108186343
-49.2971145164248,-13.4388719193559,-3.65002868600503,-19.2363457683314,-12.5955905921169
-30.1891037010216,-13.0972617587811,-3.14922961586226,-4.30171202996568,-7.51114187503725
-10.7812318370721,-1.16008922216082,14.8246348337631,-21.9394416885335,-0.716648428764859
-5.13582881427043,4.07418091137544,15.040505232228,-12.0610733552022,-11.7130664510534
-35.479731957189,-14.8632876021523,0.139496949772332,-20.3064645395586,0.620189115910766
-0.757125210975119,-1.19417614631608,-4.97644236219749,2.31544379866656,4.85926571067128
16.226366638808,-3.00508565549662,13.2431634070995,-9.07197968604113,15.473453600399
-5.46701024745793,1.21278031115435,0.34806699332422,-2.22301510469947,-3.38197979957216
-14.8793069276972,-4.90195664888526,7.49552985185841,-9.73664678022235,-6.48189441689969
-6.58231963575415,6.31858515839819,-5.92770835417004,-5.69700932869851,0.220062381133304
-8.0262175797739,-20.1879450086068,-1.13740096580075,-2.75109938218051,18.9103451964995
16.5467630936146,2.68805728915619,21.1774888254243,-6.06798125888618,-1.80766004258309
9.73615430592084,19.4737534442572,-0.919224227422064,-10.8424808619695,2.9394238208735
-9.30700442679679,3.21088081639696,5.74089648966111,0.693088570086708,-16.5875546861289
8.62805551925754,-10.6222314219652,15.7622775412191,9.92359884962316,-4.32533589909414
-3.55712975044555,3.02272339684374,-12.5083643209073,0.640659021941664,6.23845801096952
18.7484462196146,-2.77306844808529,1.76749642923782,8.6970756661167,13.2619353022451
24.8524870687823,16.6657551161311,9.86259454046388,-1.94974003360001,-0.597999440486784
-4.83667406618048,-6.8678925365671,-20.2476291302485,18.3633807584571,8.72299198000503
2.62146053411852,1.17364903658199,1.28340862073029,-1.93856542267013,3.61773809471327
-6.76332640051244,4.72535096114257,-8.82482092810592,7.83569800394228,-9.0327155314499
-20.4843310079321,0.25954022191593,-10.5348302883862,-7.25471105967884,-3.13268151625931
23.5167718082502,12.6752873054406,-8.14798527844294,17.1143222584551,2.41570360175613
-7.46182755276937,-19.1858970098454,3.8392465965811,14.5840734382664,-5.00955874719043
8.41766517654254,18.8606130390801,0.494889025801758,-19.6898960069473,8.92058911786689
31.19827362032,9.1577736261381,7.98613058070263,8.13861000387487,5.69391450696499
52.4714186568548,15.8153992983867,13.9279853160384,12.4894285607469,12.0140882120946
-1.8629792660569,-6.17434000020486,-6.5416092411172,8.80736815956616,3.54524845424118
-10.5732499746345,-18.5472614626774,7.9591566853091,0.130841023894987,1.17636993447346
-46.538515642758,-4.51473227766885,-10.4323910491445,-16.3118367714982,-16.2873674484812
-24.6548321493886,-1.33134974400584,-23.127530923672,-4.31568991004235,5.22410809395376
-10.9865032579708,-7.73704091681996,0.205780349391686,1.86720435110698,-5.52541029617247
-8.09575851311686,-7.3793685984911,-1.76348891388713,1.68977725330058,0.0874517414233553
22.2194131143552,1.40565730739684,-1.35495723791438,14.3373822005243,10.5585520103753
13.4689381083933,22.4628385071128,10.7282802666415,-0.933825697478043,-17.7685626459161
-14.3767229888568,-15.6849869856891,5.24815673025461,3.59397770218692,-6.77854332993737
3.71012826091205,-3.77289484251971,4.80597585007136,-11.3655850381601,15.7875063528745
-3.30764023203444,-5.42393298181761,-0.308785967904553,-6.95888683809479,11.2621934120361
33.8459027415568,12.8608946132814,24.165054593347,0.405991624653432,-3.64694894712896
-28.5478522952314,-9.35125404420119,-24.9745622911338,6.49660716674684,-0.813434094435188
30.047411881895,3.13179346120233,1.73898921242015,-4.71662361902491,29.9451009331508
-7.86756470616564,-2.02057411919376,0.849183575871491,5.38130740245468,-11.4600853915824
1.4586476549523,15.5193340919121,-2.96595583032241,-13.3391117974027,2.51788435665822
1.01964655134851,5.19718690736433,-11.1790370591391,8.37004710641629,-1.63509929497391
-12.8121296019975,1.24470086067934,-1.2647849059715,-0.883959924241766,-12.0974687374661
-10.1179872526434,7.23926988234641,-8.5412879471876,-8.75452496348509,1.36733523372436
17.7882240938277,10.4277474805048,4.81443036881634,-1.37513172676337,4.39357573359761
-19.9548047950826,-8.61283402898549,9.6039438683214,-9.10024182688686,-9.84706105791628
-20.2481495402106,3.73339884392158,-3.98711139475028,-24.9914217462676,5.37228466015173
-29.0854855235736,-10.9630993066453,-1.4521123589979,4.52186442296855,-21.0771772074384
11.0407597734359,6.33578300243159,7.07607291439991,-5.55972094843275,4.01891028081829
42.0474586913214,6.99013865942697,3.50794364492599,-0.891695661818169,33.0726458604122
7.3824842466678,4.23206766800384,6.1168442863094,-11.3224717580678,8.98154739554092
-15.6031170829822,-5.27641668648812,5.16276608693285,-15.7511043676536,2.22813338951988
27.8493526243053,0.712172670678164,4.18165533029029,5.60201031137493,19.841906183526
5.42332000048607,-14.5544055575953,18.8168739988473,-17.2714828289676,21.9059992172008
1.88763441869849,-8.74011027711002,7.45735712998572,-3.76681642282448,7.76163888244633
-9.00758417263184,9.17655095270371,-3.49933787664626,-0.397067950456522,-12.5815736044406
7.59952279165198,0.378048400211771,-4.28260545674823,-7.68651435230093,19.8583238967954
-29.9322552327035,-8.87459933295522,-8.42871625719684,-9.24747715997787,-2.16126093892964
-3.25410902420521,-4.68379503760399,-12.3422973008934,-0.482581902087832,15.2673682832871
12.1911878201422,4.93255011648298,-6.79469092746787,2.12981671321877,13.061825845521
13.991004681242,13.5836059392895,-0.992133426546399,-1.91928181626507,4.77536588952881
-11.282738708027,-28.7893551028829,1.45468981647195,1.49211225494777,16.9544459365095
29.7858066075221,-1.8845299628168,0.627214093255031,3.61661012408428,26.7421766042986
24.2436999637515,-4.5554760773159,13.7133725903419,22.5702595925576,-7.59034254677321
-26.5081759960756,4.18405400461571,8.81109343580361,-24.348705458772,-13.7123300759627
9.44615301982562,1.86397098049943,-0.631703364985648,4.31973241288945,4.86797527581439
2.50550098009858,5.65875548890087,7.66986919343961,-17.3585458604921,8.34485365120197
9.41196115839438,0.131017034579864,3.26904977254696,7.04810586797409,-0.0206728982779367
14.0372286614127,7.19107588864224,-1.94605958754944,1.81435242660305,7.26194001732069
-9.99529614926981,-14.577361024774,2.81443168835076,7.78806245587105,-5.92548607672828
-40.4999725155046,-12.7891136897179,-19.4479487240051,-5.67598530451141,-0.628527489922567
-40.5369975713273,-15.7664974081731,-19.5317821931425,1.8311908785229,-5.61499239342748
-28.2012993680734,-4.23494693700449,-2.74769964391321,-8.9483746229798,-10.1007012032122
6.09695156160084,-0.346444313733517,7.69758457696471,-5.98852046009528,5.09986338641168
-3.56120674774227,-6.12595603019567,-8.11075232261438,6.47712279650698,5.57469725926503
-0.062769260042457,-1.86284504010715,-1.72276009864913,-5.02988192190118,10.5675422706957
-1.21494144553613,13.7634900429409,1.50170724886239,-2.32092204605704,-12.362847024915
14.7975512287404,-10.4325418136841,-5.59565690023587,29.7680190967998,2.92761000050323
-6.35167523344258,-0.456409816793731,-4.79947214929717,-4.35553672920415,4.60402949900701
-11.4227257234741,-2.91911684290711,6.76505695379662,-11.1522652874828,-3.55210972780498
5.36060997030356,22.9418110002379,10.1800920575022,-19.7155123190608,-6.13510647457065
-24.1725201457409,-12.1342341349873,-0.838618675295694,-13.6417235330992,3.61588230318337
-24.0607482462167,-10.7722285648166,-10.4362955876595,-6.53716102299471,4.45814443363512
1.56472001179372,-5.51687891803672,3.8348015357866,0.796282040450675,1.5759049919525
9.44581732352394,9.24446990231015,-3.28335244199324,4.15888445526596,0.162781993587356
44.8467095785849,14.0235033047721,20.2011428491801,17.8410545285243,-8.28736076291195
-8.53449755376219,2.33503132503481,-8.00320152110235,-2.8949998010521,0.168513687402667
-8.7710740881175,5.78111399906556,-2.42134555248062,-0.616906010159058,-9.42787274675782
23.7890121089293,2.69385876355554,4.34293168201457,13.679772469314,3.95869384299283
1.86321467869116,-3.79982195110752,-5.89555442374864,2.10584258911769,10.0173459079609
-15.7154983263222,6.45797226676616,-11.78420254706,-15.5176361132451,7.18275238617148
-16.226609218136,8.14438982115822,-10.9128502598122,-7.90013149023173,-3.59728201092323
15.1550655295634,12.0998379331498,6.41304620630451,-3.69607848479275,-0.0889291703908071
9.91819454556409,3.01203258361891,-12.1113498224836,15.1676832796574,6.25222939337722
24.1849875835067,14.7860552420939,4.78198514328456,11.6768716585584,-5.74692202664266
-33.2060691959767,1.58966183711191,-10.4287796362612,-9.62603767425766,-15.2832827062014
-38.8971798474307,-28.0524275199086,-11.4627935922052,-11.2345524141785,12.4511258803269
-5.57018096706345,-1.04646960122673,-14.3970843249535,-13.2309960385795,23.3561187748675
8.40425016126104,10.0509630734477,-4.39198326616989,8.6602786186602,-6.70208908779328
35.411696342309,3.02358418271876,6.85551072251071,14.8079413297159,11.2186624710547
-6.94409944294575,2.84705509785641,-18.1576836272967,-0.717529104052624,10.5031094651813
-9.91616029579707,-1.94766099292119,-0.180369957891704,7.25308530098409,-13.7529828169334
-10.122378379983,1.99085039460978,-5.78661257546068,1.31426392386469,-8.34462300698964
-24.5189187493274,0.512038413887243,-9.38741821718341,1.22788599450808,-16.2307444526533
21.3636615051685,13.1313086438873,-6.5774380218237,10.2806635890202,5.58798990755808
-14.7469570883733,-3.78341060489478,-16.1561218920073,11.8741445822749,-6.02762252247445
-3.88489539866844,3.71296278924609,-2.01878463044213,-6.58371934044575,0.46286674556883
-0.288729327426978,-2.70082202020239,6.71314203439678,0.549803453880824,-4.13214119317629
-40.9300931791112,0.111159265881857,-31.0261311433766,5.04627379160549,-13.9287994886115
4.07683390806013,-6.21406682602137,11.7541244049061,-1.35998707292978,1.7634066595894
-16.5389277522614,5.31479232179876,-12.0919035021597,11.3341618393203,-18.698623945782
-19.4994245889112,-19.7642323658881,5.82785938954612,-8.16501203977283,3.9108973164761
5.26774971647552,10.3970553979145,-7.95914703264678,15.4748653488406,-10.8175294288263
31.2350087848043,21.7782767450074,4.09559442790126,13.3835517390117,-7.18849557972158
7.4283130978027,12.7371899310433,-5.09567402105326,-6.63919366225654,6.9272215929673
27.0279051603878,4.00267870765609,5.42936034095941,7.76721843495571,11.0696280454042
-6.94622682485728,-6.33952101084011,-16.8549985946699,12.3233783826779,5.63066444834122
-3.78327581399004,16.5052920649991,-7.83382952309625,-9.23902786867862,-2.06016107775325
-17.4263068733283,-1.29414645548275,7.65941045028287,-23.2145297330134,-2.13724822001125
15.3422265502677,13.5761109301584,-7.45036029096065,15.4559862424143,-4.49551428440134
-6.17012184711945,1.26664159138503,-10.1973934005138,4.22161123906145,-0.960559261231058
33.3559168969426,10.3838191937999,25.2203179726327,-7.80384854550232,4.99335611703554
34.6443622837565,18.5970291179736,23.7875764980732,0.0577066366602136,-8.0608323491272
-15.5362089845267,0.832450871726894,-3.17192783759733,-14.448688302962,2.69232219235342
10.6931421653488,5.47153427294442,-6.74469772298503,-3.55343654953592,18.9668465474456
7.95129482240188,2.83088312589751,-0.666000004937182,-4.14252146849551,10.8278040519714
-39.2462786933694,-5.08890117591702,-19.0804333502744,-1.04765774408124,-13.875774000096
-2.63795794801289,7.46968549807489,0.281762048887252,1.35417185000106,-12.386914257584
18.4937223121477,10.0712562141939,-4.2273027519839,-8.41883436399051,21.8452040527449
-60.2780406540215,-12.6873161098717,-29.5314685876175,-11.8476031151316,-4.57827845014526
-34.7184220196871,-14.0132259703155,-3.34541769980587,-12.7974745140704,-3.27808775422321
18.2671272044413,9.05071540412959,-0.921221917068245,-10.7593421874344,19.8307917619617
5.43482555593483,1.15113698487621,19.7892936417954,2.76471730730167,-18.1927420338572
-21.9383344103942,-2.53511237683599,-14.1386467869764,10.9767718277928,-14.5236035683583
4.93782152807828,-5.30133596428037,-0.467751443498772,-1.1134302703045,12.9680748464994
-14.5084197856449,-12.9112303724807,-10.1309840711291,-1.49170793446428,13.0955817723485
3.90821804835756,15.2801220525386,-13.2633024186875,0.149740560078121,4.22172714770424
-3.14658578111485,2.94738563092564,-8.34897543958732,-5.30192621549284,9.15215003676137
-15.8110789373146,-8.36267703792687,-2.97114765345499,-6.52785765461688,2.95738239455548
30.9798412054802,12.1145564331646,16.4164525720994,8.83065593299374,-4.44606746660656
2.71625578584446,-2.648986245014,3.32290564207316,-1.66064938237821,4.4428297086757
-7.63046895982688,-3.1949717497757,0.689190581599384,-6.84766923527532,2.12554072665382
5.96971223454005,1.338517533271,-9.92472844778081,-0.533217788723127,16.0900552147885
-19.1418405703541,-5.42680607604057,11.4952545232587,-26.3724766084643,2.24753236559982
1.55644776615416,11.2262110166316,5.06185293480315,-11.4974196175785,-0.804451697714044
16.148810171444,-3.56567171592565,7.14173287552348,5.45833844785587,7.92461249475792
28.6870205788239,11.4300475541677,17.9581256234122,-5.14509967321418,5.57947191704548
-57.9187756725802,-18.960489356282,-14.4239076814487,-16.0503715727262,-9.11684007018772
24.4703211821561,10.0189046102258,16.3817526218708,2.45959250136281,-4.84382627619179
29.7914957975433,6.27284140504967,14.7507865228936,10.4222294399334,-0.272952625791462
3.776641843464,1.41554028826575,-3.07692120974792,-8.7568989164317,16.5245921637575
-15.6434398264025,0.980261117679649,-16.6310547062005,5.45289559625985,-5.30096213967765
-11.4342342879683,-6.78991691347692,2.73175477956126,-7.60768839026364,1.88559144006536
5.34711327491632,9.65358680872416,9.13313897124803,-3.54889588553326,-9.22018646820257
14.0689360344011,-2.10136601818197,14.8602271553747,6.95868099580498,-5.75935704306557
-31.7703422512371,-10.5256607053193,-9.26664911090551,-5.58246788593831,-5.18047497182466
25.9829519200888,-1.22261860762091,-1.57785343255057,11.4860716092473,18.3184912005073
-9.88638755134583,-7.06425434901739,-12.8580559439319,1.91350476996357,8.99891542553736
6.21158794444315,-1.04993195175545,9.19732325465933,-16.765582413919,17.1992186456123
-45.7177493831687,-6.06993386096669,-16.078921894871,-1.16530876022613,-21.4011724514133
11.7665031828951,-12.518464054488,8.89299495951303,14.15349065069,2.67591090199357
0.374642629131699,4.7663374425836,-1.49099488333103,-2.91745256718729,1.46353249027383
-12.2344444920834,3.76429899071346,-4.64713003211514,-20.1143110950668,9.97195578544886
2.40133358433735,12.333879252489,12.527149065589,-7.95449493240608,-14.3033635853562
14.7854938453881,3.67317888848246,20.2921089338471,-11.7111802755733,4.3298331910534
15.589495312108,-1.85657374430209,8.03664544343128,-8.99829736628568,20.1334190142267
-17.1794051238301,-4.10353937528642,0.609149997119609,-15.2656237935215,2.51769889646669
8.36477392802926,10.3752349686888,-6.56286719347789,11.0689577236238,-6.20709719762068
-13.1392599956347,5.7635290757543,8.24100053018386,-8.75019318106529,-17.5107203584147
13.8555561656879,-10.6112834020176,2.80338459410925,6.81017595443215,16.1000466591065
9.77473042180478,12.410151687199,1.35497588934109,-8.95156059007611,5.99868958221722
2.73700681024194,0.172379672074747,-9.77347982734934,7.80076606100615,4.55761061602322
17.598224089077,11.5708405970135,-1.93199186953296,7.67686443708007,1.22813553430549
-12.7165429273424,3.68424602437594,-0.205359941975264,-4.53467514603129,-10.3646643862409
10.5887106650449,-2.70573079063224,15.6376036842936,7.73339414763955,-9.6926644721018
19.8213004203928,3.16005021701142,13.6460142922961,-8.3172184921059,11.7320726171042
-25.3606402811453,2.4524446832936,-0.927925698867741,-24.4313030136356,-3.52539085960807
-18.9824886239098,0.818858748051046,-13.8794531420794,-0.00219138560587958,-6.39225234951643
-38.6924995349905,-6.94103419087898,-1.51008841307557,-11.6811318554893,-16.6601945330605
6.60993756613297,-17.1082977023339,7.08231470422454,8.25253502248392,9.61750785204547
-8.63857274505068,-11.5465826821095,14.6036221225686,0.603510720993209,-11.586555264602
10.7037088459562,18.2180261845751,14.7410202430084,-19.3990604926491,-0.782096814224128
-17.9703003384204,-5.98813755592627,-1.9099158476698,-12.3086388898612,3.74741657315028
18.6642680894911,24.6429537372254,-15.495141165571,3.51663258900955,7.76687498810337
12.6617756643021,4.54879285058026,6.50383930186066,10.8513005761684,-7.6574830014701
12.9144314166605,-3.45947789141208,12.6699567218454,-6.03744830881406,10.0665292188148
-2.15578754329837,1.47739247376706,-10.8952635638486,5.61412657013765,2.1773695957016
13.7076193141499,11.7898579535245,-19.302197155742,15.4565198761709,5.7949574579371
-23.9782126352273,1.47454401653078,-0.764542236894135,-18.0472982490284,-6.48158353375385
-35.629963313278,-1.61435515668577,-11.7849062987975,-9.65093916864456,-11.4759823149577
2.12223987371044,-1.24372574026637,5.20218649722858,0.652098151189405,-1.52750687716345
-13.3786405043314,-0.257253856447234,3.77077429218804,-21.7351106640014,6.24018922645472
-2.07350765327501,1.7858157807464,1.27987145867191,-1.12501172845132,-3.68299624174321
-26.7803295629563,1.92193023199354,-5.07655763913067,-8.36301180812381,-12.4867397735366
0.3810343919803,2.69112657764734,6.99401418176377,3.57123902854781,-10.3699932550849
21.1643300151395,4.15602479637992,-3.52257988160075,19.2005353095246,2.78972258816263
-17.1534583531228,7.85330073052047,-7.82840980645004,-15.7182797170659,-0.512156367195441
-7.06142769629849,-9.33228021568427,3.71944220657432,13.1364488739571,-15.0115430292523
17.1935989570796,8.8852773194806,5.8275341770062,-9.02381555803722,11.9101522758903
1.86547802750296,-10.6482820440709,-0.496048005525702,-2.77014715128523,15.6472243727419
11.1887543705075,3.28800714071771,-11.0563384225104,6.10816542071476,14.45415618327
-8.01228215906431,6.99729302708554,-3.11771787888348,-1.53969482368818,-10.3876181282988
-46.4602706128839,-5.00748437866379,-21.7142534847957,-17.4275432225265,-0.448414615398876
-15.0142407443863,-6.5857557287613,0.769181005824883,-2.56861521836214,-6.0621575787122
24.9928727854096,6.41455350182846,5.41344038506172,7.16279869222299,8.27925005171904
45.6536932191716,13.576381183722,12.5149352097465,5.64422280880086,15.7771276043207
-42.0837143164716,-0.446662723205304,-7.4779637840969,-16.0294717940602,-18.1699876748248
-1.41050220089567,0.347012625331395,-11.7909480133164,10.4714765541549,2.14435838409146
-28.34070972155,-0.0800322608181738,-15.9790247877154,-3.03660664438483,-7.62211265042465
1.57411239645987,9.82641392632821,-13.6272199475561,6.95802218099984,-1.86823748822978
18.1522327887494,10.3478252242042,2.6398906656774,-0.711196678184685,8.27280265466998
-12.4323455854023,-1.26601880272114,-6.11019641353784,-7.38587609714064,1.55740653655676
29.1603629927971,8.62505087429954,14.77466524164,-3.0295156060717,10.726826563581
16.3587204828674,22.9436067873419,-2.12164453214985,-2.68836175640282,-0.6818182906809
-14.4866598494552,1.39920923003766,3.9579649241568,-1.14113203545909,-17.4550946678231
-10.2468108875382,-8.44055281055729,3.76512070847155,-10.3283720720807,6.74840095218873
24.0754444792984,7.60433767234792,4.78997107429029,8.70465431901988,3.84273140142439
3.52814343215404,1.48191700875361,7.12604492445937,-6.02614446620582,3.12045454658486
1.61900975092493,-3.58834828260443,18.5051847120448,-11.2732441930249,-1.23934238537717
18.6342266180226,8.264447498437,4.83635569214401,8.73232487756993,-1.61475801217879
4.35417292958868,4.98566424671805,-6.71709020873347,5.07751354494827,3.50375644065307
-40.3864092067139,0.766851282119016,-24.526205557965,-2.5722367796866,-13.3807078691597
-28.4692161335904,1.64553566085734,-19.6791465166709,-1.13191135593414,-7.4007498196333
3.14571665730998,8.85613458071405,-3.68785606798293,2.89574605648276,-3.80057946750222
14.9381201165076,2.74987855238985,6.95508743506504,-1.4319410909471,7.44390576311501
-22.304124840722,-14.2553666697039,-2.16616728736522,-2.92352773826025,-1.40843597633716
2.35394843105895,-7.82947804671371,6.17209031725359,-2.1887248159797,7.63243674550491
-15.2436716390106,8.0328564538335,-14.3526047901662,0.986111668619056,-7.74267914584913
13.9489003442976,5.91042572794804,3.05070801238684,9.14045800014915,-2.52637125242484
3.37125215743737,8.85994869200778,-11.2006631616111,1.78160079158062,4.8522772453886
9.78837749870859,3.04844826779989,3.45216973717686,7.38918507140982,-2.55922857215914
1.35494555460301,4.00325966516076,3.04182526150197,10.8900539648427,-16.4858717685398
-6.92355009686509,-13.4831237372893,-4.46879384657309,16.1046125489191,-4.94303195207677
-16.5016721389218,16.5361349033665,-19.9801558476369,-3.18596805245987,-9.40975992334758
5.30077324078321,4.92246871431098,-1.06617873526817,10.2268038384297,-7.8177726942135
31.2357465492058,1.68555926601443,11.1183220978374,17.2174800928854,2.39339012127016
-36.4283946954664,-20.5215639381246,-13.8081502167294,-8.54425680300134,7.23923798910703
5.39596578751298,-7.07794950870081,-5.30452424923998,8.97668125939226,8.87733556087134
21.8614460767335,9.19252338872386,1.5527162517893,1.76778883348441,10.1994641487166
-1.88952478642537,5.85548909060946,3.42112945918593,-14.1345291347895,4.63535669525288
-26.6304505627104,-0.9415156535497,-13.5567552365531,5.50456174378575,-14.938640583106
-14.3194542612701,-3.58686240165618,-4.1105926024848,0.702590342960221,-6.38429778431838
-1.85205714040159,-4.49213198048962,-5.30234039337384,26.9049683866967,-17.0001743004295
-15.2199897668724,-24.7690180392106,3.15765655494811,0.149734419211529,6.88327443443001
-23.5103934458401,-13.0833457703307,-6.86017151613563,-3.04236985064531,-0.807466159497467
1.94142523365185,-3.78840946171609,0.192351039611293,0.307081907336338,6.99051371741966
-8.38106092279416,-6.92934285426633,3.70428946785699,-7.05240346376562,3.86750014536743
0.000372799003903523,12.1086003338123,3.80348819931057,-6.91937466417282,-10.381340133217
10.2390505294545,7.40630108633954,27.0337241975474,-11.6505175691466,-12.7582705073482
-7.52993074755959,5.79550545769451,-6.15876948958962,0.400807925197379,-7.23535363879426
11.5901487982479,4.96737255108309,-5.49728112146689,-3.35101030800065,16.8802440765221
-33.6986379329699,-16.4002365401967,4.24567568881791,-10.2035486694546,-9.28855592272585
3.35050284700745,-5.81144443066851,-10.5328685584711,15.2002047350183,5.2090993585833
-9.31046205644022,-8.57291437551029,8.68245554906837,-6.40212029929228,-0.0834565973639544
-9.97704408739353,-9.09189424529649,4.77532442437046,-0.475895694817656,-3.98441167690893
26.9737098068783,9.02510489656091,10.4476460457571,1.17477073026889,7.17998593710807
-46.8655877300939,-15.1869724198231,-20.0416603036656,-7.7761742371962,-3.79475933166817
-13.3666027969894,-8.51347498246089,3.67834289371846,-5.16126346364643,-3.44931879202364
36.3086296285449,-3.0676123349335,19.9385669832997,9.32940026888538,10.6073988693188
11.7835314594466,0.312826662810644,8.55418133499341,1.48636607611484,2.12503360426372
-27.8973902942608,-24.2861254892351,1.20823156451975,-3.47139968650417,0.896468897445437
2.2356192455956,2.79958379115173,16.1557666972294,-19.883801320092,3.1691418360328
-19.0549306416556,8.31047356063769,6.78526602702261,-25.2226067451696,-7.02838160389138
-29.3640311996184,-3.45115500535567,-16.1615366638025,12.2360669830427,-21.3138621617921
42.854606856807,14.5956266557553,17.1591173088035,4.09915520161471,7.42439437198176
6.55953929037989,5.06649183365248,0.22475208467631,11.7735524363301,-8.92951702753707
13.8707415157979,15.6528312557668,3.88138874532041,-6.23248549095565,1.23882415759244
50.3604899627017,6.45604729994349,13.7258679568995,21.3308719337879,9.60652825193739
9.95297451004071,10.2163064519322,-2.74514874158156,3.86847972600206,0.236554777673122
0.027559615077037,-3.15221577404976,-9.72985875532154,18.559897576287,-5.36182193711105
-10.8714888038281,1.04200753980572,-13.6204405355535,4.34104781265466,-2.00933685054786
14.1356351366115,-5.90120355788984,1.1467367718196,21.685342017512,-2.10879679268812
34.6833844167021,8.801960938649,3.31702160810803,19.3982674154668,3.59747931388778
6.96291441299965,2.28853962535111,-6.98118965418817,6.93406638194278,5.34364121629666
-31.1612095312761,-3.12045482659115,-9.83724445620449,-16.8118150305395,-0.355282122516801
-35.1540808625219,-20.426321393488,-20.8447189989127,4.23417184745548,3.28987660371543
-10.0783515876445,-16.302207465283,16.4464846574203,-5.88842449698128,-3.40810509719935
-13.36464483235,-7.70291369646962,-0.250390644911594,-7.05127557173342,2.45336851019237
37.2238511742873,5.33990781560066,2.45956703828835,10.0516642383292,20.4161388787868
-3.68380023598965,4.35122883756623,-6.41459386906951,-6.51919118155336,4.76414326832565
39.345786358192,2.67890319483306,11.2622111660248,15.0280942361648,10.4458225597433
14.2945014947643,6.39399140516081,7.22270104076182,-3.92962718935504,5.46144927384563
-12.5518642519432,-0.256718574525274,-15.0637887389141,8.35243295272045,-5.88867348610536
-18.1483471264444,4.95219919550494,-7.71584831545453,-4.57526555320303,-10.5405889110007
-1.06455408739634,13.4019398037245,-7.39439171581989,-1.72460854835322,-3.91072169090013
10.6137985708452,1.93696302785856,7.85648687495282,15.3498525005697,-13.1455397822351
23.711527557295,17.443195275343,-5.18005867508192,1.69333964280597,10.2546836414429
18.6120037769598,5.7552189629519,-1.48391495257666,10.5538558964631,3.32876027027568
-21.6419732929541,-12.9374137087746,-4.50713094086642,2.40076202799144,-4.46685181917509
-30.9830774880285,2.55246433803088,-12.1375744548323,-4.82793287493354,-15.5212221298612
33.3013765140286,2.05361080093536,2.92359408488494,4.54755293792515,24.5491223099339
21.2958921244398,9.2045398007355,11.4844686117135,11.504636207573,-10.8533831891977
-21.5322889178409,-8.91336319118833,0.0524601680690572,-2.84120176355487,-9.13622158740302
-4.75582963939252,12.0706714574524,-2.19012236874559,5.20232144499994,-18.7219061361696
-36.7434866838873,-12.2536091647392,-4.4368243263588,-14.8569066532584,-3.67833063551602
-12.5574449297528,-2.2019026462415,-19.8097415823496,-9.52803899419738,18.3735279193004
29.7577371649024,-1.02665774469363,13.7837510511336,6.17941063750315,12.7449272968832
5.12868872704801,10.4598104382691,3.10526174898983,-7.01966206698051,0.157249836667932
1.82226948874334,11.4857370440794,-13.1581041228677,2.23492926970271,3.39003234427336
-27.0156330059611,-9.56646592417721,-17.2478313990475,-0.257651059170235,1.44447465807013
18.2032192669013,15.2368894204917,-1.38636843912543,5.7435538484603,-0.435857442738636
-7.52389054570961,13.3440967553287,-3.61833447844047,-9.37123472925306,-6.28622742143031
-23.3464400860052,1.80466702610047,-21.2942925334278,10.2141282841385,-12.0880510107393
-8.99878522400448,-6.85244202272573,-17.0816038997015,-2.93965989885909,17.9304203895868
-41.9744325067453,-13.7863348232431,-11.3768654445063,-3.1941188524022,-13.798367817923
-3.4522147193687,-10.4598137714378,3.96436738183097,-10.3695519408392,14.7572543177451
10.0959902726307,14.0575634755444,6.24988873209619,-3.63986265856568,-4.66001534275881
1.73748708087645,8.89105201044568,-0.0732884007524647,-5.68341591834623,1.17259177429086
-8.15346771746266,4.48422251738559,1.05412169593703,-8.21090907526917,-3.6167188708243
29.6174978563776,19.9330323171401,-0.0714892275595579,0.803389467978213,10.703726191663
13.8975253984038,7.3102312530218,5.43974108867214,5.8235928073675,-4.09736248201187
-24.7680962185396,-13.9852603148339,6.73052811051071,-16.2422697678343,0.669852830731176
16.0231760870504,-5.73802858177742,1.47573619106698,8.48020058009786,11.100863325188
13.2123481653239,0.405049154368261,31.5880559317371,-11.019621121877,-6.09782666141206
12.6936510473637,3.23594724321349,-18.1101992725128,17.7033380507147,10.8071391426374
16.8129998474133,3.29859905299383,-7.320548352135,11.684580608922,9.55360522917001
23.803533652242,25.4555312320269,-9.79788280502169,-1.81152610463541,10.649358482394
5.49390032088327,10.708106287349,5.51354469126993,-8.97539144959132,-0.171161236121744
28.4033569170107,6.78771749649279,16.8384855705343,-8.02465336742405,13.1936126747858
28.088964333086,8.12715258154554,8.21841779671794,8.06068501508754,3.84923921744606
-29.3504906910338,-2.69246718772407,-11.8867080596142,-2.0967821891478,-12.3498070045236
-18.5442147208103,6.60891611392686,1.84173654500602,-1.8821801541808,-23.8493268700383
16.541303792675,14.2076664423751,2.74097295707671,7.73446234719765,-4.96029855832214
-4.51049636522085,-0.683219999113932,4.29232529312257,-3.32184090805721,-2.82226569767428
-55.0971603052934,-27.0512906661114,-6.15175784370189,-15.7664532613275,-5.21197641262847
-8.84719554915572,-3.96411781344916,-8.34437406781983,2.51654345836988,3.68329651559963
-21.9724781545244,-4.0512600830234,-15.9016699836998,6.53675441773477,-8.73262812467969
-1.92649598156543,-5.48831392496865,-3.69121749095329,3.98349059192484,4.85210443401762
-6.19573067772451,14.8407092887288,-13.2567618038411,-0.444664039670571,-8.7208461398243
1.13163642560803,2.75468077472176,-7.39771663047508,-2.83982151238869,7.46043665342132
19.5551132058317,-1.54301818862391,-3.92140039019727,17.9610387035891,9.01229409590007
42.8886641620919,15.4248369456622,6.90706266212992,1.01108264138276,20.7442848619656
-8.82213696734176,5.05874645651129,-4.77053558855912,-9.25068969702456,1.86821046044592
15.8243056049795,0.541463746345701,12.2536016375073,-4.63541955193652,9.87157028266394
-40.5146730447227,2.61691780489411,-7.26584199812845,-16.2649923600321,-18.0919152735116
-25.7303920685743,-11.1701390040249,-4.94314559415071,1.15961598748165,-9.74779655579946
31.1546424658884,1.93764140600764,7.68248514682002,16.3321103249941,5.53257670297345
36.532099102475,-1.62925587448283,19.4520049984693,9.57525558784387,10.8307639241626
-22.0565953871046,-15.9685918785246,-5.46515126434925,-0.422726625586155,0.974930271293405
36.5928677667693,10.0897438049511,9.79172585830532,15.8813000558299,0.899457475373435
-21.6714126228743,10.6149162410041,-23.0276336685185,-10.7484291416413,1.82769638795993
-6.66748599545971,-5.87809998869935,2.09256277348199,-0.752691677263552,-2.81277541455153
-32.3787820327917,-7.29807603105023,-15.8670076465151,-4.86271824508009,-2.41750836033633
18.7718357762201,13.1503405217541,13.1287052429258,5.96983928460502,-12.2387190783453
-28.3810834194814,0.980590722903666,-18.2008689344919,6.56495658069696,-14.4238544715978
19.7571300191793,0.000636277460362249,11.1306464204505,13.9296936092882,-2.61941641404955
-9.45840900613809,2.05877985491235,1.19099892121819,7.27898067512159,-16.9450249792492
33.2035357652289,23.167288019719,-1.85954414401894,12.0767347337959,1.06001177805215
-29.3315280795213,-9.43845058496143,-6.57502035284679,-1.88568144840034,-10.2489315605473
-51.9555927617998,-7.69863094869875,-16.4085887241791,-21.0428269146287,-4.84171271510518
4.50669054040806,-10.9338920955986,-1.03707461097018,7.88290960597571,10.4925345732089
-7.96296410776963,-14.3763767721857,6.72423068066716,9.63054821979569,-9.93535003682877
-0.0326043444385603,0.933340084250323,8.82311745280883,-11.5248448250686,3.54910330959434
-57.8962990343201,8.78869812498531,-17.9793202887888,-26.1120853332998,-21.136920626975
-4.94467356556819,-4.12290205953591,1.12532892927566,4.14060158615959,-3.84415185060076
-5.09728657588018,-17.6845533154125,-6.94996397291131,4.92771181365664,17.0389502081165
-41.5480062487213,-10.1056766185239,-15.4105280234262,-14.7770722519857,0.456970218142996
-34.4639900669843,-7.59602606230309,-1.32652817696948,-9.61739581627685,-12.7006279452763
-21.5698953728942,-12.7410593642137,-8.07528537392044,-2.7805870082588,2.8643869764206
-26.8828116463179,-11.2341740065791,0.269421252442166,-19.459746747291,3.28524105955636
-8.31028746474634,4.35695040806321,-16.5260287812835,-5.38771150026196,8.79823288597188
-9.45189426928787,13.1683246178935,-11.2094712200751,-0.7162412273137,-9.78960362893592
-25.4719647569766,-20.3892165343775,-7.91976130690209,-5.28535663123724,6.68414699553635
-42.3194954698059,-4.17538078541334,-8.68563866592166,-18.221695924145,-9.51767934428131
2.89004639564747,8.15059520142356,7.57260104730364,1.40451610592786,-14.8959273698442
-6.84210995353365,-16.3935212873716,3.64539738444225,-0.81506184011727,7.92422122213031
-11.9611415732455,-2.28797836009567,4.35114037392428,-10.2133425704319,-1.38165843322014
-6.55484276162812,11.0538306604171,-10.0637675236877,-13.2523716240964,7.35210586845334
11.4285269463474,21.4123202157734,-8.25182345665007,-10.2659407993261,9.89903772186259
-13.5070397837898,-5.41426921627163,-11.8120488091977,-2.74279947590069,7.43131001067986
22.3080089778366,7.19652608677204,9.80046121710444,6.52387892850086,-1.16175554698059
17.5982763838268,18.085271727535,4.77930186899498,-3.69510763166452,-2.22810959313944
-7.77676850914848,-12.3921720108683,-2.17112878481786,0.623067013579515,6.57290303689982
19.8400397380878,15.4609019804619,-13.3278606865083,0.347385000571609,20.3665452863713
-14.6060462599527,-5.37511276988013,-0.807186242392734,2.8686174565347,-10.3483767615385
-8.15723796572751,-15.7412643135761,-4.1811503302235,2.76978516562817,11.0332417883783
12.3723682862681,-1.99226720498587,16.1915138823292,7.79354849874162,-9.92685278674787
-2.68734567058893,-7.70133604024117,-1.291127221368,7.57981518033984,0.581964276061247
22.7362948006154,1.13658888006132,5.61988123877052,9.44452725135111,7.25842666664578
1.50240100234635,14.0056644528887,-6.61557782885627,-6.44277844725978,0.797482838585605
-7.64095058618132,-2.17593894590695,23.5893662677428,-19.870517839194,-8.37560706209462
-38.1206132521966,-3.23694064368732,3.07156219000149,-17.6255778991514,-19.668727953191
6.48283438913769,9.13771941280579,-0.511472572663138,-3.01735878730988,2.7071174449502
13.1325304966849,-0.560842150414152,-0.807329273161369,17.8073847817629,-2.49457214197217
3.92019584923118,-8.62714341855361,6.28690686013392,-6.61209280249175,12.3417506894968
-6.79783570591152,-4.91097145829229,-3.01355321964955,-11.11562070915,12.2867800447445
9.56159999649637,11.3384248623813,-7.99347116097506,1.81448135901819,6.02498404950579
20.3963061968696,0.752506110193941,17.1215125845292,2.87812492948161,-0.750969424269047
-17.9190561619324,-3.71130483328897,-5.18462128378069,9.44857531558223,-16.7347347987581
-14.4443285319038,-8.7922270228596,-5.3742380756042,-7.18579172215293,7.3369160358175
15.9822587370737,6.57825713297946,-4.59757065333793,4.59277957144643,9.57818300353729
4.10998465152635,7.82320100801785,-7.44276804323631,-9.21291365793455,12.5838656024026
-6.5662175970722,17.3501041962168,-11.0224894618185,-3.49804758316682,-8.98081291315425
22.2856197066921,18.0985300458716,6.754078685914,0.238313195368572,-2.50028078135662
-10.3881163356027,-9.99370455548391,0.862735243791009,1.9520031771594,-0.829181392886528
-12.3783794830844,2.54271875526414,1.59001847191271,-16.8454681849392,0.960243758738684
-17.9654927063892,-5.81301890922662,-16.4576194033331,0.000923240449848725,7.24493470214367
-2.62131045118379,4.49715099997564,-5.32141519252451,0.672189804789063,-1.64723983608082
-25.3282442936601,4.94919689932108,-2.68945145245583,-14.4068929531702,-11.8590376924031
8.84801061681835,3.49721670475562,-0.84200471254729,13.9071410089477,-6.16343798082714
-6.29976282964889,2.926281649418,9.93247224871168,-13.161920489022,-4.8781636891687
-19.6209602394272,3.31673202874841,-13.406237253492,-12.0637303328439,3.89533179553799
4.23287349964555,16.9564177919359,-14.1659405134408,-5.41348474621507,6.38157561740362
-5.13301883827307,9.42582996535117,0.704376719213355,-8.25966987358303,-5.10007436878547
20.4488393253187,0.00346439634577533,5.16534662444804,6.03009911931606,9.39868517095253
2.91580807015743,11.7591334464456,-5.35045660525646,3.79656952296444,-4.72958215951008
-24.0243310003628,-20.9121278817588,-1.00511678228162,-4.62998326482419,3.23543535030824
-1.68900775788596,-21.5856015023111,12.9178691256109,14.8989738510222,-6.99404647375327
12.3710717237551,7.80217115955027,18.2070505597734,-3.61591533375929,-8.43664858322743
-37.2497721091962,-11.8506601138609,-18.7441073523647,3.21880726432199,-7.30078716035366
-0.0662539764110541,-0.540597781006348,-14.9070444194558,3.73921115194077,12.0639033894388
26.7322482623941,8.16624093721566,-6.29422114582202,-0.0323768734964752,25.2702044022965
-1.3808861909252,9.79156043750728,-17.679697672217,5.72451968221074,1.28098124419192
19.8888543726159,9.3863531988715,-3.30369811370486,3.90308744411164,8.65367918223689
-45.4514662967937,0.811929064902662,-38.2181205793229,4.26431908098129,-9.92963812211226
5.93000007165574,9.24165245279319,10.1844001051054,-1.78751704094224,-12.8137702912171
-8.08335459708622,-0.84574049956912,-0.782386127191396,6.6194145122765,-12.2626773976981
-14.7460870211844,-8.49027832493846,-3.17126604535138,-19.3161272229122,17.0277440361958
-4.05974753326096,-15.4401258262475,1.06585076225862,12.8326736148323,-2.26484237763433
-3.21560789471547,-0.632924497907423,8.43233295014207,-9.10546834685989,-0.442974440203323
21.4680349155414,16.6510612944053,10.914382546477,10.3169874948767,-14.9476332261903
-16.9654948653015,5.94863163908349,-12.5679109251981,-0.56507887301925,-8.65709039658136
-20.8045222017123,-4.8843154459012,3.73403471703253,-9.23051303957405,-8.16079713476277
-26.4703266126513,-17.6710037852474,3.20544199646096,-7.94236742296218,-2.90598033217185
-6.00209485801674,1.74002942165208,4.49857296146308,-7.46321712894224,-3.73495995900918
21.132346547031,0.559971449697377,18.0718764503193,10.0249369742133,-6.35431414135201
-6.99388323767484,-10.2745108267735,9.4013079112363,-7.04801966942599,0.457318270903388
-21.5862368318408,-1.5677899293339,-4.76310976575346,2.14366193128962,-13.7414469500144
-6.99549951406434,-28.4790659583627,4.85743036766721,13.944359556117,1.5440049087358
-22.5668234869195,-9.46615950031766,3.36253404198173,-5.57740612693568,-8.90996480674203
2.11656861081024,-4.11802284152894,0.149219756270035,19.4960235234715,-12.4212117480595
-15.190520921353,8.89072265573031,-13.348755658854,-9.02768200718483,-0.484753462536137
5.49888980144109,16.4931208814901,2.23069840971282,-15.6806770520842,2.81929882094474
0.312334293845924,1.62180086826809,5.16935710282594,8.91418810706203,-14.7403220197736
-5.52844356426725,5.99329630180888,-3.21979313882841,-10.7520968092126,3.12824945384464
-42.8722477582972,-6.09668131836834,-6.72646423676093,-9.8462218257186,-19.8454589495981
-8.43499522317497,2.82293643309382,-17.7746007645481,7.27068238227748,1.23643935478049
5.57241935684941,5.69029547645865,-5.60830670151807,14.4264561257534,-9.78161411709961
1.2309203910518,-20.3836214548573,6.210971755503,5.77941288455522,10.7682608119373
-3.8447913840664,12.142080528439,7.40725235652765,-21.4220741890447,-0.610733508324702
-8.07277675675504,-1.28263784190075,-11.839177572618,8.92543320841293,-4.99916007017604
3.27682209632322,3.45795713343891,8.55924078706106,-3.68528977426112,-3.49701897867924
-25.1573238005036,6.9427681828699,-13.059645067613,-5.87911169541373,-11.8348502704151
15.8576358535258,6.62120540899827,-4.23366331319822,3.30972995020657,10.4306753108312
27.9552157466017,19.0803999634939,9.01135342491665,13.5820407175744,-12.3529716615588
-4.22716757394423,-11.4517609151264,-8.30052299024823,18.5198667916145,-0.448142533153854
-32.4528383729724,-18.9437721671531,-17.8056866123388,7.11723158823753,-0.67557338166674
1.79588845480656,2.64160133149631,-0.348566953006496,-0.0272218994895703,-1.75144366923812
-21.6734408559338,-17.4041342496421,-0.583482977954848,-10.0690341235478,6.83024179554642
-1.69084965348937,-10.2970467802737,-8.27971491770796,-9.39692034268971,28.1346200851516
34.3393055704009,11.7439515748221,9.57264125672149,10.6248346069052,2.98236157124489
-7.68993743876843,4.29303667528293,2.21054889648532,0.652037370618671,-14.0094943003997
-2.97525068479713,-5.29344953457273,11.7172089696255,-1.00900833490976,-6.69772909847123
-23.2286167574035,-5.19186713245842,-0.861777268525862,-12.2282859790468,-2.78882623837965
-21.5864559451006,-1.6741907313876,-11.542017433347,-12.654065146439,5.49744578122719
-9.31231194859996,-8.2623684742749,-6.14875242439696,19.7678454578898,-11.6019922815724
4.00494042302414,7.80776410383264,-8.37973818281417,-0.715421899104123,6.77559178495634
-22.197724145151,0.816440426437006,-12.5218313837553,-5.06214705828523,-5.1843237810208
-1.21676378364138,5.26699630883106,-11.4957537722539,-14.0554985702339,17.9943280261968
50.1836346422024,-6.59990302902157,17.8020323385126,8.74406566399871,33.1056230562636
-8.08474957099168,-12.105530196522,-3.07928963051263,9.42489202124826,-0.272822877513569
-20.0602604361686,-5.9042738084098,-0.0795253526851068,-5.11186084744639,-9.69496671780169
-26.476145260539,-14.9303192852821,14.4738075620941,-4.14501113624184,-21.3913499999238
13.6296559187888,4.26197180797113,10.4558442495399,-7.91446089520339,7.09123436748614
-8.96592626831658,0.0349046818387214,1.48505962828168,-14.8495417630209,5.86342457932571
60.3010164009162,4.35215130623191,14.2333380730413,21.7450330733328,21.9448197271479
-11.3263982964421,-1.46225872976083,-5.88164747350604,-2.2024310613574,-0.379571292235337
-21.2734842167091,-9.20248769088367,-1.10557648272363,-4.78456534196887,-5.59288424007122
19.1202240719736,14.3213191520003,6.80108784548896,-7.1909321566878,6.05971677312113
11.374122071319,12.9489909366751,1.99310258872395,-4.73025931589614,2.62414677922312
12.1387792522014,10.1319556453951,7.60727319820757,0.788143332832569,-5.59232355709264
8.14982288301955,8.64842076368189,-14.6395031310618,15.3707852050467,0.881775756358296
11.0540149812926,0.337575033937779,4.11285113453623,7.91588903246489,0.821868251893541
-12.4279074388504,-4.3097331412305,-15.7646137843681,12.4497249904173,-3.45260329921032
-28.7999224221498,-3.1959407921388,-5.91399109167332,-14.8290663478346,-2.98541089540677
11.9238787537099,5.99761891759786,0.52101364796937,3.74555621042059,3.76132238281395
-32.6261061156708,-1.38117085278674,-6.28812259779007,-6.03058955855911,-15.0444345261257
16.1825825503792,19.0048012567262,-4.4565793024045,18.1604669958778,-15.3665747294634
6.01585043526738,-2.8003148544066,-1.24605884595638,12.0550558568706,-0.723599636292998
-3.60569378562835,7.6383889511314,7.18008083745633,-10.3314560634492,-6.72522783737171
4.63153086666618,3.01697574255044,-11.1253793787338,3.2327672855407,11.1380732688555
28.6799279135172,10.4787415636461,9.6904626927786,13.8385487713992,-4.44370553786008
18.6017057821016,-7.15597705985552,12.1441915327557,6.71646029633634,5.98025695929923
-4.33883518212158,-3.69915046087122,-7.09604697269921,19.620003108801,-12.1081641216779
-4.75948275099274,-14.1566021959991,4.93754719236472,10.1036286257038,-5.16149758448845
-3.81131440920464,-12.0328645877203,-0.610564706094927,-0.27939885654977,8.04064154745593
23.6354422925497,19.454829884831,-10.7815931606598,12.3619039504879,3.27749244536522
31.1549931176135,6.99458723227098,17.9555458815112,0.962726232469191,6.42738843939562
-11.1965251205561,-3.9027905486823,2.92030011440252,3.48312066153984,-12.6153484171314
14.2848548239096,-4.28592951412196,7.47887575280863,2.68561127558082,8.10698446191342
-15.6979710264425,-6.22146432082252,12.891240087757,-5.45498354929799,-15.6205684336858
27.9295724007715,12.842437099488,-9.93672951989932,20.2273055499224,4.61087655771029
-45.4338911276788,-14.3493201733132,-15.190139914596,-3.44095708635896,-11.8102238537683
-9.23461381727382,-7.38219264574392,-17.061750945342,8.17522552252428,8.01923879209244
12.623087242391,18.4958232962479,-5.25632269054027,-10.4080916094578,11.3856780599921
-32.5044906387768,-0.781844542563084,-7.93818325227414,-7.70320112539312,-15.8462079104339
-13.5149044352404,17.0891866266991,-13.4409090793947,-17.1939526034001,0.776968514629027
-19.7131462059158,2.56633280864017,-16.6227094986411,-12.5072468864771,7.89702997814032
13.8228256123118,10.9800844324237,4.35603253994152,16.7203077912759,-18.3359057699709
21.7325362676452,1.82274463350404,-3.79577364396849,33.2291002559401,-8.19999987461705
-28.2953400863021,-11.0078215974374,5.03839425239963,-3.14565208491696,-16.1978672450749
28.1585619692103,-3.63783001925963,17.3763850371524,2.59227763221989,12.0601801250151
21.3245755018257,-10.4044696438587,3.64021411783475,22.2366290540786,7.72737025673411
22.8045797548814,14.2317855556047,4.91831263941161,-9.4416041425785,14.8898984043698
27.4674763595908,4.93493581967333,6.38363505193796,1.98690196224612,14.7159915656633
5.4887325340304,-7.19263228601593,-6.42913479502405,8.6389052534231,11.3191509590574
-15.1129937554643,-2.88651749292978,-3.5935224857882,-15.955351657385,9.35636567132745
-17.2430820428528,0.463545922193312,-9.18383106780285,-9.73269784765819,3.06839371313387
16.529989101374,6.24068628368379,0.884686528808949,14.6058572746102,-5.61059657961193
-0.0480141410982969,-7.09243053405012,2.25943102046763,9.89559840095689,-4.2596521399621
-2.05744433932,5.77512696321107,-6.0581003148088,-11.2220729650891,9.8586626337405
-19.4108624180649,5.10507200787121,-7.03700782645455,-3.32549845692756,-13.424926356898
10.9567749320619,7.31731571342314,8.02463418598174,-5.9975859986396,3.02894565505291
-21.6420443088619,-1.69453173884195,-9.14036798179614,-6.876298785647,-4.20731453510039
-0.0935082338097184,-4.00834743153138,1.6995790429979,-1.51478143616388,5.8584552789231
21.1839340864288,-3.49816514321877,5.20612638498581,17.4930834568606,-0.510084779298104
8.17217721874819,15.3337008927126,-3.54559048741793,-5.78205518567768,2.1408144068406
-11.1568727473685,4.2226147044015,-13.0205910658322,-5.22911940580676,3.7806561541064
5.50385957073151,7.11711082708652,-3.32906715435819,10.0145251657164,-6.29465537919636
5.02505956909739,-0.589513665259509,-12.5341129001466,8.57080971838061,8.55468784900403
-5.62283299242493,6.62044770500428,4.72386435192004,-0.536728564387616,-14.8493358726039
-10.0726534289635,5.84580256464717,0.191832798632943,-2.28051262677971,-13.6901555402445
-2.51443870859138,-2.84225823652374,0.604696756339242,10.1981398329679,-8.96276126985139
32.9652596052982,6.39928318034974,5.64463395778589,11.0381498764625,10.2650745758637
-6.21949000283643,-13.4085733664736,-2.36152350219425,17.5722676272529,-5.96928469919846
11.3562809104266,3.68720678598164,-9.69076992687793,6.04304245609455,12.0496077572463
15.3653627481701,2.13863550955312,11.6207603101728,-2.89868896591661,6.32300686256575
-9.11430468313236,-3.54823593400733,7.34489028670878,-4.68544598188308,-6.01823743061701
-0.396760804460317,-1.65346237204332,5.89783561898932,-13.3071587739392,10.5930667010505
-13.9207752477336,-3.87681899263008,-4.09506153447737,9.6907093094648,-17.2963626703873
-18.7589102247112,4.69260498099963,6.76345118527471,-13.3596763396424,-15.3860357170524
-11.6874254572761,5.08936982389325,-3.40342523013944,-7.68123600732789,-3.0202486735678
40.2432779576028,13.8219576890228,13.0532490142059,13.7958004535099,1.11543744456177
7.20370622924617,14.9042955666257,7.38515169290929,-10.501310299306,-3.75696800416768
42.5727454432086,3.88155140033869,10.9752440020527,11.1659921855495,16.3336374485054
-2.90294946050185,10.6985409636347,-1.57190804506685,-9.7888280924563,-1.62981588848233
-23.8773508950257,0.101421525030925,-2.92993110649207,-13.2579879744487,-5.01359273320526
22.408070418133,11.3671834381439,20.1060623299442,-9.68958097108751,1.76331356834325
-10.5343804863773,-6.18126762406634,-9.91448769697371,9.64015378985702,-3.95910712186018
-26.5766674858059,-14.1091448271147,-9.93751294940757,-2.94197104810345,1.36715760120484
-25.3958457228969,-18.8662736340536,-13.0734817169104,2.39072898009062,5.42735810089925
5.91196070985543,-0.802901993759686,4.35015901572815,5.22275432623574,-2.36255432960154
24.0473676686918,0.595964843567214,20.9906481987848,-4.75293081907866,8.39168725506221
-18.5512794553181,-8.90719540432259,0.49209865546294,-3.02435260704755,-6.97658081672545
-13.6499897607245,-6.97750933806444,6.26541382040427,-13.7429604509136,3.20693408150227
-24.5671299253867,0.328299508236174,-21.047857088598,0.286408446825139,-3.26557588839077
-39.1708314610776,-5.80338729472158,-16.0792385454984,-2.44805416253109,-13.0809631628331
-23.9470324175765,-9.148168826894,1.61713524195207,-7.84061873018675,-5.70036167568569
22.6602430485145,11.033304947884,-1.08624871874846,9.51922027805754,5.15356044910309
8.19827924628788,15.0971403928785,-6.78424705020879,7.43881404752701,-6.05263401198593
15.4386453432808,-9.44587648010625,13.6919726956599,6.87705788889725,6.24545542303094
-7.83299495419098,3.6122855865867,-3.87297576387857,-9.3172816858629,2.43998635714077
13.7519061421793,-6.19689486826001,20.5915814532262,-2.00422791449138,3.04787448224389
7.25473924203174,0.984872723177329,4.65742605751953,-2.58494358963354,5.4630443625432
-7.2236275603772,2.5444302930403,0.787872783566418,-4.07207581543241,-4.91279785226937
-24.552190839826,-0.96640484635735,-13.3592599440199,-3.76618272248878,-5.58492350405582
-9.04549098796066,6.60428890776375,4.45288762768612,-3.08978809334772,-16.6009574217093
16.7160155692751,18.6095603199721,6.3165881640348,-6.48051141105239,-0.677570658088207
-28.856160515576,-5.35086793567795,-14.5404866014727,-1.80329042274083,-6.41599822682814
-7.71690487440061,-8.6405184268711,5.54590603826504,-3.11301112247326,-0.546341847604612
4.25764268914301,13.9816634688285,0.720824645653702,-2.13086436020395,-7.75801697694326
-26.2335010704184,-20.8167046293136,-4.43812030825901,-2.56834377963129,4.07561294458377
-37.8080666784705,-28.6788447020044,7.89675350067784,0.388525703632098,-16.11016439866
-28.3822293869499,-14.6135255058685,-5.74623590117891,-7.11604986336051,2.8500560135581
-25.8632338093483,-23.6896964694007,7.66498204689784,4.26723108382454,-13.170785479995
-5.91935951016016,4.98053341318144,0.218591878021525,-1.37339866451725,-9.3266317248057
2.24848172042525,3.90291993411828,-26.2663489780695,9.20687152373244,16.5107846104522
20.7577649387236,2.51269085942374,-2.04821529042579,-3.44154335468752,24.291635883559
6.96628305954337,14.6708306570867,5.8171587782953,6.54853149062551,-18.4173048108369
-42.3627638529999,-4.59609463327005,-24.3443925558734,-12.4396076011103,0.367588645877738
-15.1258486988787,-2.43062677887866,6.86128257373259,-1.8799413151415,-15.6564787870343
10.2918046700715,8.72766163041596,-5.88648502609911,13.81212460027,-6.28545457951283
32.3256916221905,16.4963165922449,4.94945759821592,10.4789606995943,-0.902250973144877
-19.9496617722127,2.58164356023496,2.77049181231654,-9.78398163562855,-13.4750122242622
-18.3646594150202,-10.5684384629088,-1.54175025157593,2.70893335867499,-8.17145113499393
-1.50618812692635,-7.49324603176359,11.0686365803692,14.3220893895821,-18.1368844363535
7.34577047051365,-2.31229529046155,16.4822434907481,-5.56030332443302,-0.132578834855055
-1.58105475863857,10.6994147438936,-6.25570859769381,-12.2265019829437,8.12658486644359
7.7633208817568,-1.68867857520547,8.06928918410691,-4.60200510886126,5.93592610382377
-11.6234409077715,16.9980783606019,-15.5965986699237,-6.78918737996591,-5.41640181674104
45.7057265352248,0.749423038226752,6.94666622594159,11.6923047025172,27.6377962782385
51.458832682429,18.1010168475667,24.0006289843333,-1.9836522480847,11.0006316569155
-5.37273853681919,-2.03720834816218,-8.00698606857876,9.49336319171105,-3.95186304367192
3.23535151228885,-9.51395701356235,-0.0379301837706227,11.2123219361846,-0.41757077171242
18.2380280628396,-2.49749171176538,-0.728088297013371,17.1122261915242,5.6553850577364
1.26511018517878,-5.01073833271826,2.05548529190984,-10.9732451642239,16.2120031296885
-28.9970503230391,-7.07372631428005,-10.572251448408,-11.2710871580816,0.0775161877962331
-61.1688600225915,-2.72787430840829,-29.7008700593822,-15.1439162298452,-13.3738185314036
-5.66315375093262,21.5351660711011,-3.97933739323281,-16.9307798547479,-5.29177006003552
-26.8896796364972,-11.6773254221867,3.86654505154673,13.9008477852186,-30.5748879124101
-6.53638103301313,3.58279815460108,0.372397005162945,3.04436670459026,-12.2110105102432
-11.0699311601843,0.651921838938427,-10.2713374026043,7.22274108493774,-5.32938366704017
0.251415376988358,0.045753433833305,18.7923642179726,-4.23725172937166,-12.3720122589851
15.2706634880681,-6.67566608500395,14.5318854117425,-2.97516510258699,12.7405252482424
-7.15661590481858,-0.649471679907469,-8.16672683688852,7.58732041194503,-4.07510112050559
3.67426849324758,4.98031510838575,-4.864785610481,8.6084985674098,-5.35480825073593
-27.7288021817844,-0.269797924584668,-16.1626542679863,-2.97714443548385,-4.84995777239383
9.74753454408063,12.4156939233519,-15.3328444902802,11.7271531321578,1.94144523533286
19.1358138272301,17.3482711139004,5.16897234447482,-8.72528166368644,5.99482868715159
27.8013274730171,9.77827203585767,11.1438641812488,2.75861943916434,5.25882770788751
24.3982236405507,4.34988646060816,11.4615095360746,23.6392842352099,-13.2462820317665
-0.76915605199974,-14.9910504182608,2.14795195005264,-3.33717176042577,14.74032051923
-4.69679651113254,-4.48690703148797,-4.90742951120339,5.81112309889999,-0.0637111043964273
8.68011862567942,7.56590305040346,6.1993099899578,-2.30718277210648,-0.829483242957773
-15.5124615988705,-2.13190944881275,-10.7131303597962,2.42699141757687,-4.23312866808617
13.6176182324759,2.30614943810973,5.05072144715514,10.1895553363327,-4.29474092221517
1.67506339872303,-4.78999251706277,-1.70332689524043,7.94619900474702,0.526150178989261
10.6405660635404,-3.71639481038951,-2.78964507676874,14.0480234732713,5.45190693176288
-20.1222538744988,3.20823818403646,-9.57678654216313,-6.75631874146903,-5.95906962755594
37.2093344073757,1.70827200163404,18.0965814128455,24.7868305754507,-6.95799729345321
-11.2853200268033,-7.68716210734968,-0.0986000652556679,-4.64059435527662,0.664484215009946
8.23236981603636,9.63293607949904,2.78243566062865,-0.380596926917592,-2.26398065907297
28.1156196574349,23.9838574852415,-2.0688416055481,4.36306040624651,2.54906179787978
41.6335247216969,24.5975136921284,-10.1551698659731,3.04049914501884,24.8878180338422
14.785882893682,6.66533041832516,23.4225065814811,-23.8233521417653,10.8785028652133
7.44425363534905,-8.31757939389071,8.05847970295004,1.90883660414376,5.98664943758886
-35.2898896430299,-17.5889867512546,2.55175545038401,-21.4816459264027,3.43972685195798
1.11484534892991,-2.57730378528477,-4.35380531176695,11.191567022697,-2.77020568481979
6.09777273387276,29.7538815343733,-8.18336535716672,8.05608359428922,-22.5402761642587
12.9972590761874,-2.27490708347581,7.36504257125774,7.21869417682472,-0.574635879973248
2.21612663270776,-1.51954646677634,-8.75729630143752,4.99770533917825,7.58124368387393
-22.3713355240961,-13.5790769288989,4.18060242897443,1.22817052555263,-14.5086526831295
-7.99643479303315,-7.46917980998254,0.918250895479111,-6.39470588497863,4.97659572907728
62.1254830758109,24.7519676827722,3.46568064422953,29.4569315136336,5.77742068367229
3.61836457219873,-2.06229937385534,5.92674116936425,14.1829937832443,-11.2148690552518
28.3140642944878,8.71068158186336,7.91380984136487,0.129400087772427,10.9886979193952
11.364790871441,-6.37506684439724,-3.68278325724004,3.35991905179818,19.7761407777034
28.9463848827941,-3.50159710658905,13.5328370990372,24.9108687949515,-4.55063445634727
-24.6279352962633,3.45182976690523,0.495713858802053,-16.7809338310425,-10.3817152157876
-14.0566385668227,18.1493746289544,-10.7085988984157,3.58874455492789,-24.0972415497637
-4.02265611231656,-7.71850250994212,15.9118101990691,0.169984722336372,-11.8209420585663
27.9181942371678,2.62372007924672,2.78552829241591,23.2556473242596,1.06925508243173
-35.4278365324366,-7.83351753865556,-9.91633406476472,-8.58231264469893,-8.46938948076224
-16.0672440504114,0.431895445759019,-4.32084215803609,-2.01877025512809,-10.2200829394296
17.5795011736924,8.13258521144391,-4.8384574110386,10.9346946689315,5.09198096626603
-11.8992615707205,-6.01930731477079,7.57786951266844,3.81764856491042,-14.9190182082952
24.7089718393654,9.24099690859571,11.7178585071106,7.76965787363365,-1.75676465690468
23.5310761839807,16.686452730413,24.5551521271466,-12.0666250062977,-4.02044941879056
8.1768158741013,-5.55583593719988,6.14616831388124,-3.49560435605217,13.1397578029432
24.0475544102733,4.5404356465843,18.7281249399085,-1.47169179272896,1.21422103324003
-54.0568045522305,-24.5211392638612,-17.7489219365014,0.540470980572412,-10.9330769870066
35.0975248778123,0.664028774849301,14.6768391661412,14.1627416482933,6.06776897959708
-23.6315462185563,0.16309229552581,-5.18877390302989,-6.95088382798752,-11.612477880878
8.74071124240304,7.57469487889928,-6.95170314122047,-2.65964421459531,10.7982578507045
18.0625013804933,21.0834764758009,-0.599249983536597,-0.555733429140425,-1.69510298401289
20.2360474042684,6.91759743596994,7.58510369685296,3.57242749382659,2.46107223740857
-55.102625908417,-28.7548686564852,-14.9130079032196,0.453330588520877,-11.8015416733513
18.6455275274289,2.22265758129867,-0.0215404001576103,10.290672013319,7.46294884559708
-38.7935416625969,-2.28705981800304,1.2672969192149,-19.3890064106289,-17.4656415891231
-6.62892043782364,-9.67037197037951,23.0951381078423,-2.39864094759585,-17.1450838343493
23.0948340709014,12.5768643264299,7.46163308571119,13.518493962246,-8.60200273081965
-13.2569165667106,-17.6196366937982,18.806701217123,-2.03046779285268,-10.4838049908927
10.8569880699404,-4.36772189453442,10.7317778381599,-3.26011261661875,9.69345702700122
0.536306043007162,-0.565533690329923,-3.55460451881051,0.0121308062716417,5.37491202890379
-30.7095057294812,-11.4880285942859,-13.810740727258,3.88607625632888,-6.83534561145959
14.0826596543517,8.91246107485273,-4.61476855425449,5.83266771601222,4.31132541905786
-21.2951252753361,-1.43182072981915,10.4603912013609,-11.4463337237734,-19.5048618311335
15.5345771365395,6.08632487212615,6.6825243602295,-2.30998770115031,5.13120044658122
-9.46461177348871,-4.96963908997917,-3.45660707803186,0.283962046247203,-0.044414282381372
1.68966805322913,8.54286903963262,-9.03066100609787,-8.04793420138339,10.2048345724935
40.4690166428359,9.60468683425944,21.3565044066073,1.25530022557094,11.3052379030086
1.90854526351216,3.74830722850022,-7.5181373132214,4.10851134734783,1.98886035652605
-0.334365435915222,-4.90758828034054,-2.67846167337573,2.89984341761638,4.21624470401262
-6.27645309002233,-11.2821721595144,6.93395848534901,-1.13352049324707,-0.137140495087413
23.5754518673105,6.23821367133546,21.3014867553773,5.52799614695676,-9.21713712667477
-18.442269192431,8.14369822881916,-25.8088946443705,-1.41396739355283,1.14762373988813
-14.5646006943886,1.52177419944199,-12.0629361674214,-7.64703844792834,4.016412772575
3.22173510422825,1.79021556167888,-0.294022771192825,4.02580937177349,-0.264244298160376
30.1852617109229,17.6940419658042,-3.79218668439883,7.22863234505657,12.4049107888282
-11.8742335717487,-11.0727095349635,-6.54816457979246,9.92965275954023,-3.99641521744385
27.5509645293882,8.78607308000665,0.699016707984761,13.1304297120592,6.62981732246428
-28.0854791969834,-19.2212657209147,-3.06051986936374,-10.3618529187588,5.91921469914188
-4.51973055548388,7.90556924064429,6.18430680556702,-5.69839254066022,-11.9069204863185
23.3675727128462,-21.9746757453447,-4.87283833558752,30.481731951377,20.6693220990857
-3.02428159796331,-7.80685116016545,7.44805678368878,-12.8448687994421,12.4226547541665
14.3183110305992,13.5925236662323,6.06903347660838,-10.2362871234939,5.76563396756243
-32.1369965696582,-17.7184103349653,-10.8433297281832,5.05251487572678,-7.47228406139992
-24.8338161982547,-15.839149307968,-10.8023319402991,-8.76641579094809,11.4364965569735
-14.4010351282793,-11.4657765626148,-14.3061841219477,-4.31866434226265,17.1355262526679
-19.4647938784112,3.80378553857581,-19.0451165537018,3.35119717653826,-5.64863503648763
7.39976292517662,-5.8064930527492,13.8442080625512,-4.21437327324956,4.46176148467345
20.5044167743757,0.360441534794264,5.8365847852546,13.1895328009528,1.64133805251156
-17.6488915126265,7.71787528115199,-11.1854067027258,-6.80033941839501,-5.95776055580966
3.37476295436845,-1.72730406877813,0.141963038467857,4.29793905345247,0.931392567888648
10.0430855857309,7.63669553043174,-5.33769501406152,6.96866960268585,0.813220364053831
-8.01190327987235,-7.52183339670734,-10.9695984328099,5.39241254612189,5.61046059577068
-38.1206388865213,-2.8064947314589,-7.90290730869708,-16.8997254824206,-9.46404636250825
13.060743154509,-11.6055463192624,-0.734015420631773,25.595213602046,-0.982920000587897
13.5271644876956,-1.23233099140619,0.83205258651773,11.0429784449025,4.17386174887109
24.5668159582181,17.6700734519758,-6.89614901533553,1.08258948919327,11.5010664385636
-28.0521437396481,-4.40498888363729,-12.3730892835443,-6.18344968220318,-2.38579221964616
0.58331251201229,9.05881076527825,-10.1781239655581,-2.9169580274039,4.2591165350832
8.56357766970079,-0.524921778990755,9.25589175928579,8.8185439473741,-8.05364739227593
39.3500487357794,10.3743558615091,19.0812961854598,12.7368615555016,0.0198946644484692
1.10488423106529,4.19082355036699,4.05409689621624,-6.67529405319074,1.90318447778594
-11.9442939205102,8.06378756363793,-17.7471968381108,8.75816884998912,-8.91603096193596
-33.607541154206,2.467836353131,-30.6490365689976,-3.67023844830811,1.30556366471822
0.0968137212066909,10.7117965063263,-9.98559575173614,16.010475815807,-14.90567399864
-19.693333375184,1.17752968289622,-21.5030760121491,-2.0810397446125,4.42421027196994
-3.94665055010169,-14.3082071931158,-8.2115882040369,10.9289071191195,6.58936512605562
-28.4868430989976,1.20402380625929,-4.06294934725209,-13.4961955536321,-10.2943281953621
-5.11119548966152,-11.8579944177499,1.23915609798151,12.8792206674809,-5.63814166517128
-21.6912922195875,-1.95422809093635,0.450056805485712,-11.6249000431117,-6.9205351771792
-25.6955627153145,2.36011586438558,-4.58751517103185,-8.46889869134863,-14.2228731052992
1.95211530836687,4.71525579773705,-4.56835641007524,6.81889457775891,-4.55501245194825
-23.3483200856714,2.35473445806643,0.647811867045588,-10.6421772531851,-16.1606678698255
3.14863556144982,-11.6993942019371,-5.61050006913608,19.1225842325107,3.55120117845625
20.5519582390586,-3.51150896121994,7.73094136901954,0.22446989753258,16.8392051968989
-15.5122264820625,1.19472576227685,-4.59091648755101,-8.12488973800915,-4.04643450832231
-7.88913412294067,-2.87653848728704,-6.15180593108106,-0.767451713572519,2.66151341963091
-14.849636379493,2.28417412420034,-14.1523344224989,4.62244080827119,-6.14718438265928
33.7956992113076,-2.41063110972885,7.02091242424216,8.47821897675878,20.197462112258
20.2683237480086,6.24929973927992,1.15291734233769,12.372293157667,2.05825672118912
-4.96699941425125,-9.36754806414126,-2.11694028749682,-2.21520929921991,10.2326283242417
-11.118597337095,-19.8098632695244,5.63919597215426,-4.81740174103596,10.3348072842453
11.8672296828152,13.3642521415703,-4.29622942770059,0.412669810947835,3.69214330357478
-6.13253305193111,-8.73504744617584,5.76742801147525,-2.58298243479684,0.214300748756787
22.4817462729021,11.4407234208443,-2.80755496704154,-0.394316813512198,15.5742395919239
11.3174285874948,-4.7949565227641,3.3722779533632,3.82782882835631,8.02107168407346
0.523877761544396,-8.82880759919335,11.934052580836,13.2352899994879,-14.6970785168933
-23.5507910157162,3.01897828900643,-14.7716702505394,-1.97947680094291,-11.6276399687786
16.6351666103386,1.37837801919209,-6.8488789534623,10.248984656423,10.944525264801
-14.1793283636319,-16.2230129449806,0.581491946688324,5.99871990513952,-3.53769183789523
-40.7730434604158,-18.4753384546383,1.76138845768678,-12.7029388382507,-9.12090704973075
-10.81038797985,-13.0777197794945,0.716102741071035,14.7288292245983,-9.99718706357407
-24.7622147511967,4.73290768506058,-26.1927095089686,-6.92838299660305,5.41587831662301
13.3430444587173,-3.46157146190691,1.71117295719102,14.9457444591581,2.12149912748572
-40.697142633122,-9.19859273238593,-21.7235068818306,-6.88606525700072,-0.782297837911147
-26.048163787727,-2.80671897638005,-8.32944455950875,-10.2132506341348,-4.06186028412811
20.0378907408455,-3.015921853439,-1.43235618051867,13.2790248587095,11.1952715457141
-7.38102864104316,-9.45273387185551,0.931889234933175,2.70779240929058,0.194245673951652
-25.6214875406867,-5.92184129369752,0.784461618232832,-18.9418556486834,-1.71019393795392
-23.1867232877574,0.0130857744327843,-13.4864601691626,-3.99114363362931,-4.27956204712064
9.74617565841907,9.90729714019479,17.5851724108463,-23.1373118921902,5.36238000337443
-5.20990854587089,11.9535279682154,-2.29605430909835,-4.57544466882228,-10.3925488660977
-25.9267912580137,3.48143606717389,-13.0102885367823,3.94408890310144,-20.3320516583757
-11.4109354522993,1.79653455809215,-4.55907925563578,-15.0135401012266,8.32250704614363
-11.3863098419277,6.37848954662205,-17.3449234250772,0.331645869669786,-0.146467973302503
29.3548626218151,4.33607479780575,9.40944559935705,5.78364429194625,10.6129284020563
34.7882603241479,5.68673159678421,-2.24522911791844,15.1994607297259,16.8370974714303
19.3449912846977,9.7479118423083,-7.96980518279924,8.43978724558094,10.5210384634773
-16.1489365619695,7.41929576065465,-19.1117451678082,-4.11279045534042,1.43353152150991
-6.51833833719642,4.82528836409892,-6.60188516131393,-0.518097356869457,-1.82249879633444
15.4027770887407,18.2053802344664,-9.08572730829814,0.33359588251226,6.48300300834704
22.3291328970062,19.6348576806711,9.74586776695776,-5.8359187753716,-1.87462193287097
11.4475816043488,6.91904578676025,9.23996509830901,-2.32083512972357,-1.25134728015578
-8.09029531553847,-6.56476067765179,11.0324019494802,-6.7884450047442,-2.78462324637143
-8.65615172807811,-3.75079634489948,-14.0386553097421,10.890356566895,-1.21738824671782
-4.77950615042827,14.4263965646245,-21.6278267862064,9.86676499749028,-4.89570924969665
-15.3937001288857,-1.34800915834962,-14.1035953403015,3.25887861934872,-2.83259719251905
-9.44126363613089,-4.38399746205169,-11.127092212843,0.988585837239008,4.80234609996634
-17.2335554292263,9.00392534822624,-13.8675979329554,-4.10867053164013,-7.37265001740638
-31.641152802723,-16.3147640212322,-2.11610712221144,1.02373230068356,-13.9490412394144
-52.7828445720348,-19.963675901643,-14.0455020479508,-9.81199667894914,-6.84575460518269
-12.8293502338073,-11.5913205004332,-0.912980761168368,2.64934518757229,-3.2500389005877
7.06510752936615,8.42421454644053,0.448104178217349,1.85887539762534,-1.76925917631149
7.96551110664315,-0.141844449366514,-0.44174331508517,13.4426450422365,-5.75219823649869
33.570627992129,19.3705648452297,14.5329723106187,-1.71933772978092,1.59737833471864
2.93120790096421,12.375260105197,-10.5404901221436,-1.66350236203229,2.75040995542966
25.6075534379166,24.6333479436091,-1.2889385000471,9.84240529757214,-7.26249494195226
-5.17541154853253,-20.0976902576203,-2.02747439260504,7.01603407062807,11.1568383396033
-2.34043759716204,7.59757627080078,-4.0825448279327,-10.7898135528258,5.96119483685008
-4.91111947724977,-5.41342764928648,-7.69465560867811,0.546651150903797,8.09153153854268
9.38275747035045,-0.553290693525614,22.3819133441847,-12.5678909014158,1.36737352449595
-34.6781804999396,2.34186273970948,-15.6970788038092,-20.4018497075677,0.393178211324973
27.803169907487,7.19641279940168,21.6056131918666,-8.16131950954317,7.18965726440488
6.46006199502698,2.95639566695921,-4.55926125120355,14.6183190013462,-6.10639861864338
11.8197271807416,2.01738654841902,2.02108795180663,10.9172060795832,-0.866304144408075
-0.615686285876382,-5.40649566102926,14.1594658376964,-6.82510203113732,-2.47450762223204
1.60148065356451,-3.61721606342851,-1.23113384300521,3.99980423952954,4.11944520854032
26.5055129482081,24.7071519790313,-5.43522600196327,1.57940196212816,6.11563263491681
-3.91552683872764,-5.20006852965802,-5.61028079639235,-7.31756476552156,15.3490606544628
-20.607773356209,-5.27588531907728,0.324472400171883,-7.99131072680757,-6.76004729248176
-26.861498552838,-15.1583241321262,0.156737351031936,-6.43078725225326,-4.23561846542732
15.5277516954365,5.36619714974214,9.6609240911213,-5.33990640100845,5.60070733541674
11.509110405389,-6.26703136715213,-8.17476953718647,19.3329582043022,6.97620064995642
33.7305366564829,10.6978668874483,27.0980954237739,-15.3955980064134,12.4789301451621
22.9054763001477,4.47622424697963,-1.92149892721275,11.0370407534126,11.092891914998
-25.2585202781551,-9.31462548291745,-11.8402714546181,-1.58788667535121,-3.04925332907622
-25.3221634650208,-1.04572674107907,-2.29042361450642,-15.4027347811357,-5.47639641672488
13.0852665396125,3.72263077967266,5.97851975463463,5.49643756097997,-2.09664055663875
-15.3841873691779,-9.31296092039515,-9.26984079791408,14.7436068493179,-8.72214877859031
16.765112983326,11.6571063290086,-18.4074581563095,16.6451531782456,6.31119091562286
18.5057978353229,5.71598619845622,11.5532555332132,5.59350977212543,-3.63220697979884
-18.1558071763095,0.638024299785014,-7.42921808354082,-1.63278149800879,-9.67282289380159
6.61139243474098,-6.4011150201722,8.90864940638348,12.756985029139,-8.28049598936526
-7.95095653326939,6.14533204536115,4.75902943593766,-8.50819815354025,-10.3594040674696
-33.8898931324054,10.5659066353337,-25.291979731095,-0.821256493490903,-18.6724357906622
0.522504830570337,-3.71286613236745,8.70156456159119,0.43557042536517,-3.76337958363474
-12.9428821706369,-1.04752509305805,10.5888716978394,-10.8786858317136,-11.6545808846705
-13.8369184382385,-15.3300921330891,11.5332291007109,-13.5837372816808,5.9367687710016
34.6753454261066,-0.234628585955534,10.0803628773048,10.557767419854,16.140386209889
11.7447398828537,-1.64974463865904,11.6569378071173,-6.67382062700946,9.054192112276
-11.4943185834397,-10.8345074729053,-6.64421344255616,11.1572465345286,-3.89522882241899
11.3521074270302,8.77486175262153,7.72122387973722,-11.0467613357579,6.36848257769327
51.0528460641849,12.8742536454297,2.53068987323737,4.30036593172466,31.3503645943908
18.5568734466721,-5.2861927797973,-3.20287489857048,19.966645294411,8.48683733807729
-15.3030638040596,-6.83442720864752,6.27526689908635,-14.3032174563105,1.44252204509806
27.6107711925294,5.22146752999123,10.1820799985046,2.19843251986121,10.7430622844449
21.8024753676527,3.359118275586,11.9188000231677,0.36450364410832,8.93541225089429
31.2407532503484,-11.9713391953997,2.56257046214561,22.0408480971049,18.8866627429185
-15.8744080764582,-2.77230763748615,6.00755795882264,6.39611209943302,-23.5039289106833
-1.18276336549541,1.3277726741712,5.47548636958497,10.5400608925356,-16.0957116796932
-10.9743474860242,-11.46106751726,4.80279748004706,7.06952517537471,-9.32505303622205
-39.2054020613152,-10.2624808523539,-10.7743150224903,-0.337160143120049,-16.0079193212735
5.95177346586699,-9.14355458439977,12.7303644720784,10.6600862960118,-8.40193786919903
18.0007090377415,4.33172092939795,21.1457603425348,13.9667246016973,-20.3769956800053
-10.1537939522723,-6.26173556274943,1.96988580933235,-4.33551913205581,0.295426633176122
5.38058392128488,9.89822477017967,-7.93660211478396,-15.0957163334737,19.4667249167712
-6.09022879454908,-2.40607968112477,-3.10582275856955,7.82371044293767,-7.67140274524182
-28.2151759351184,-12.9437167586449,-4.01073507947956,-7.43012322570589,-2.59745318198628
-38.7948101334308,-6.23648938902785,-17.9297708635432,-14.1741279385103,0.719747068994564
6.54140917679286,10.1379314694353,6.53030751225491,-3.34643438289485,-6.41347471810734
-0.0264054042840878,7.37239822024127,12.3389900836927,-2.28790962801317,-15.1178715483774
-16.2426351383213,7.19311676242215,-1.57079014740147,-9.84437937826349,-10.1635767666688
-8.18538207614474,-1.04182943697684,-7.04595828436362,7.92437542384656,-8.77879320196298
16.9416844654153,10.7456866954791,2.35033616412328,0.189508041926309,5.68411471682806
-38.3746313145593,-9.8820800297387,2.28856503951186,-10.4408912761545,-20.0721165487352
28.1417014742237,-0.0487313726736184,9.03158445249885,16.6481761674389,3.31834376343141
15.3830389963303,9.53228863787462,8.29356953773721,1.02533652470849,-2.23086047241018
-0.199626177751087,-4.82065208721291,19.142266418669,-14.8472393354714,0.899499510356923
23.8266698436764,8.92767634418933,-1.25461062852645,8.22933431857854,8.93840581134258
12.9272598341765,9.16274263757579,-0.947604072410607,3.96655585970252,-0.567250190154827
-9.54880621090815,-0.319789350937553,-0.215675969580671,0.182189764313739,-5.15349223713423
-22.3901570266616,-21.3032027265318,6.39197843613335,-4.89003233827994,-1.59198934211568
-10.8555891562057,3.2813542147573,-5.47192871619683,-7.81437507777291,0.0319770745453182
-11.4354769107568,-6.97546032069439,3.89235763595914,-8.53303945684253,0.952847308493836
-31.3158899716895,-10.6662487307541,9.23359017341908,-10.5627463294331,-18.9547820217929
-10.2276401781189,-12.5692385656565,6.14402364776419,1.20582496533592,-3.86307158344126
-12.846749430026,-3.77470971659899,-11.5329411156824,1.43393446752895,1.29356151103139
-7.54782192543101,-20.7078024016761,16.3362421936909,2.73314088181242,-5.56339837178333
8.21015387688711,26.3088687809503,1.41757596221979,-14.6536471879378,-3.05331800979211
-6.20365576067734,-9.25330270486569,16.6871339033901,-15.6829277641241,2.58691092928101
-31.5007085520394,-17.6718380294254,12.6199159800942,-6.65540264684678,-18.3018881619365
-40.4023698658979,0.407733469502414,-28.5005842861173,-3.13871501287344,-7.97529768447401
-36.3146056674041,-7.18766413248697,-6.67595747674417,-11.3443889348268,-10.6080956074462
-21.3922654332835,-10.8511888293915,-7.65246834847472,6.66271649900597,-9.27345775448256
-4.95891048240417,1.73296073930094,-1.43154408034728,4.57035698274273,-8.63151758046874
1.92519359489327,3.53313935523338,-2.6569947293654,-4.38576920268003,6.43687140485659
-29.2111284949605,10.4921293613504,-18.2954554560292,-6.02299568923764,-14.7177503580212
6.12656788444778,14.353516860123,-15.3598913355513,-1.9676144822159,10.0661165698755
9.8771964634498,1.90912191744085,-2.74966914693708,-2.99857603793831,15.116345207352
48.5875523637895,0.427464033331741,12.92628537908,31.5236460895647,5.2959609487511
-18.070235798851,-16.6563557174358,12.9773417623411,-19.8563820748025,7.33797642228767
-5.70296935347446,-11.352089451529,5.84161115333032,-6.16355769704928,5.91055064540871
5.79469140427858,-0.841088716552095,5.29188533556362,3.34708808287446,-1.12395864698012
-47.7924138230398,-15.5189618934531,-2.6030470659829,-7.72005136653232,-20.2349482813905
-10.7448190686956,2.64153094048235,4.79352660717186,-2.57691260367867,-14.4300319023437
9.13882391795641,5.88068630596932,-8.2321620697376,2.25378415810834,9.61277678362742
2.95995750624427,8.33063314333965,-11.3949207355639,4.22070583459873,3.5435825152797
20.1194777187767,-5.94295205872365,10.0673309017251,-2.20446114161783,19.5359794165633
-3.74043812289776,7.39072540575071,-13.5231190420237,5.62346002595454,-2.375140432442
-21.8378828584852,-10.4954378366996,-2.28127416938944,-21.0202040320641,13.8628404096559
-0.301535505738573,-9.52909372741124,-6.53364093691115,20.8020477832883,-2.92167130371347
10.3606047672793,-5.48381117482765,19.9970203825742,-2.41429279260724,-1.14219322184774
-12.3462053419252,2.31064917014826,-14.548598236111,8.04221737216887,-7.17815225059313
-36.7857309406479,-0.333229534494958,-15.0365880620713,-5.40876063296201,-13.6201949286032
-4.20944114013276,-4.03850332653713,0.299023287777214,-11.3154505993657,12.3549539868794
-19.6938520932255,8.83608537146693,-11.1897847110683,3.27143384146748,-18.0855058525178
8.06308546713583,1.07639746821118,5.27117108553746,2.93078290544628,-0.307080972738942
-3.50513444571607,0.859852786102659,-6.76344795735691,-7.36547219601103,11.6289466379212
-9.66567084112919,-2.3636657495354,5.04523874239128,-0.140338129891596,-11.453821247763
-3.00366667831735,-2.62642243966948,1.43920484061166,-10.2144209736126,11.2067046944845
5.31779008124292,-0.0327432927025989,-7.32029257605503,9.73735221558955,4.93773997057796
12.8661523758917,15.0405627727678,3.70760373601134,11.966173897866,-16.5088945947711
6.06165403723602,9.2956974415841,19.1749548883092,-8.40031431950496,-12.9932482711064
-5.34247262290769,3.03818147576206,-0.393477217279514,3.30376421202511,-10.3329725628275
-0.985771226899756,6.9704318277122,6.39833104714938,-3.70492834997321,-8.87523894008343
-18.6595748899123,0.0185924545822855,-1.71685252640926,-11.4551064892535,-5.78945509294128
27.2330834687933,10.1906262237806,5.55324599330696,0.200936068602561,13.1751694555331
9.54672365309509,6.26522036722636,11.1390678966737,-10.0389418362053,2.23488648979871
2.87616644363876,-2.43081911376742,-1.15431083519934,-9.70578005575135,19.0146447781892
-7.67767198823525,2.41560103587383,-0.7462938777318,-3.71913224052365,-3.83330021245335
-22.5798162499951,-7.84434036220914,-18.3160620043265,-5.94592577379987,10.3112658980634
6.0857647126025,-9.43020264126011,4.6466652352508,6.27413116315743,8.3306234942532
-32.4344125066118,-9.67240429722089,2.41163145903626,-5.3718098058508,-20.6359148028541
14.2347980939446,3.80618706983992,-0.652333134684387,2.42639957510997,10.0506356361851
23.4416694841737,-3.52990270318291,13.0101007196282,11.7033387372666,2.28756603364566
-11.0711952824285,2.12480926449053,10.2072088530014,-24.8860810920318,3.80272517351934
-1.6907619526088,-5.50447291375975,-4.92283007654819,14.6843506507114,-5.96491988380048
-27.6303816796748,5.06308366598998,-15.608748309146,-17.7969188213206,1.68117415234738
-32.9440430265408,-25.1047775788894,-4.35723173549851,-8.61035786754681,6.90666466315615
-35.3622571079644,-11.6022886924917,-9.27328022133509,-7.85764110555912,-5.71325994250292
27.7326253634008,1.13450557249133,17.1298694579048,1.77481058718434,8.83011275103987
-31.3784725030312,-15.0296868469002,1.1006012367523,-19.3618234959127,3.77961845333634
-14.7220166143451,4.45215955014635,-6.16382403052591,-5.63848124631651,-8.4421108140804
2.7045625079204,-6.62387901710326,20.7677290614318,-9.24287321594613,-0.758689546886794
-0.765518240271819,-6.47868489752005,-4.51408056587687,5.12165152381753,6.52763557166458
7.58328983623087,3.83947113096074,-2.53165299528331,-7.27969525146887,14.3140735717892
23.8130573823456,6.60962089790134,13.1446421759484,13.8081709395595,-8.54913636943073
-0.69275797273152,21.4136376528601,-12.3879478881061,1.57148497742989,-9.67115246923072
-19.9319201152369,-11.2409524636284,-13.0561303810471,-3.14256412892429,8.61162810591346
-26.287823665515,-8.72172716266872,-2.69442350995763,2.54054509756269,-15.6110339875235
3.55832709106276,-5.03270769822513,6.76127035681882,-4.55989726060575,5.75103904859043
-4.5440856836084,6.4970103789658,-7.8035975250808,-2.71819618058006,0.405880817900021
-6.95176207603146,3.92561512090842,8.49315476177812,-4.22984172663962,-14.1713510342257
-5.30268481249871,-5.89034339944115,0.409650533290126,-2.19414143233859,3.70233472878889
-27.8123960752639,7.04981665504276,0.842394267148741,-15.7410181172392,-18.5945455878792
-2.80440611937861,-1.44426008174259,15.7198523169305,-10.0973893177566,-7.06989122039187
-27.0475457704395,-4.78431605182717,-9.09545924786864,-5.60935578877058,-5.97102240404235
-17.2064825254723,-0.280740857214661,-1.90776874134799,-2.6247188574875,-11.6946287984441
16.6554233489456,-1.05683637209628,-3.53332379137919,16.4950862145866,4.61148733743657
-17.7137214216373,-14.5837194138754,-8.29771487384641,-6.61913894456938,11.0561039945275
-37.1333858995311,-15.2389218315028,-10.6929308583489,-11.0166895904478,1.52834773698874
10.0873375937609,3.79656703459128,4.33221962227589,-7.47267531294364,11.3927195836252
-3.91800810337458,-16.7780271976775,16.154072526234,-6.00836689396972,3.06783897363509
56.6587849146002,13.5871103840766,2.3473260669095,28.1190508738311,13.9142697922771
-33.4311839353931,3.64167370429803,-11.534328968751,-12.2193042798479,-13.6123670358908
-34.6834290503936,-20.8532171171775,0.769191200766968,-16.6118361702091,3.04468236836444
-3.25232471670418,18.03913864019,-4.27103944741585,4.52605222979026,-19.9595443982039
1.14590539095266,-3.76327312776652,-9.57871858660673,-2.74972681942814,18.2751401077266
-20.3846660747871,-7.2034480652016,8.59014458171673,-11.5576624201854,-10.0466344054241
-5.01847728408329,-6.95003539050771,-5.72376697028745,9.95163354948257,-1.94500685485996
-21.1116613337004,1.10520042457714,-8.18169105291832,-5.16032689923534,-8.22352743241915
10.8517415209312,4.83455985844527,-8.64943105531815,7.4994741902903,7.897820373325
18.2799204281989,-5.90204533675607,6.1176354459844,6.3130934768149,15.0588527160584
-9.12929451503241,-3.49522589225784,-3.05938456843156,-9.00995906383883,7.20266420533566
34.4011989761447,5.03954291616344,7.85929589541877,-4.32477049275446,27.6685211729274
-26.4511219922312,5.9081994366678,-9.85871132937449,-0.190883140924718,-21.9404049837137
-12.6909580156864,3.81417192043129,-7.36364129767661,-12.7848496465182,4.64520270251492
-9.45885189596645,-17.5127351162862,-0.868351309156708,7.09938513563926,1.92369160305786
-3.1877913940091,-2.8663912199861,7.31717733210358,-14.8372413915266,7.71135471027122
25.6506763089668,11.3620489243607,4.97018014746435,12.4577951491869,-3.10591489867694
5.70043895756627,-20.0689025724962,17.2160264778534,-0.646376636231996,10.5821846795256
11.7366532705871,3.90478454905868,1.47565875411977,-6.36701786081353,13.2235242214343
20.994657637989,9.30568154179918,5.34072527653772,-3.64949158781547,10.2176411254079
24.9568868009971,16.306282672939,4.43424174085357,2.47888225292694,3.7022988839944
34.0545250434715,20.0904726416839,13.1241477993149,-2.52222456069487,3.24639194844245
-26.2063568765806,-1.54931740823531,6.92060042949949,-12.4939256862522,-17.3403994285492
15.3277488884312,2.11483540334487,7.45389442425743,-5.10787771778406,10.9481497449696
34.4246704798481,0.989715179029625,-0.834373698431512,20.5168256917079,15.0981610437958
11.4694227541393,3.59290312686638,-3.02555975953235,-6.72850626086102,17.6869886761443
16.9909189393557,2.67310440083598,1.41839590369806,4.64850381554001,11.1947477610775
-40.1398307333031,8.86761661407344,-20.2799505659367,-20.1822477584083,-8.13391620367592
60.702579629577,16.1747757798112,24.638145109015,9.71634766472102,10.7686566685986
-5.26574610876568,0.450095118972496,0.265148387327797,4.53626820774342,-9.76522350183923
10.8734203511723,9.56132854976832,1.15905729140949,-12.836200976133,12.1779677175394
7.68330827320503,0.335870814451905,11.7679812507183,-5.04478267920068,2.10102174274843
8.61914610879184,2.42215634864155,-1.10639976610231,11.4515748867491,-4.10877340884118
2.16426865747009,5.30771988446816,7.19868051464882,2.73579681929731,-11.0443377261115
-5.56529189581265,-2.58372816005245,-9.96190467138239,-12.9893591303136,22.352985986381
8.82080292761564,11.7084321975636,5.57086373689218,1.63355726682432,-6.14961415152407
40.2910777523309,22.7941517328436,-1.7161048488689,-0.539877605403461,20.0082832962297
27.2951566885837,13.2825484841417,-7.80884374976292,5.1391844459673,17.3221146080226
32.3262298146232,12.3555806545505,3.6823059300838,10.9244520262777,6.67101746070187
27.2780127956492,13.3585854890044,17.6372807542273,-1.22695719116494,-2.65954730001395
-15.3474108113228,-11.6556194796984,10.634504138165,-6.23353022760168,-8.14465879732357
22.7053281375453,2.15413490650186,-8.94487108230496,7.77829815636398,20.9826316602072
-6.23760738892457,-3.46936719840383,8.24661598438178,-10.7934836402495,1.9951377392803
-21.0560673090016,-10.660774777474,0.69843404139746,-7.19098425155238,-3.13525081814425
8.91875389813363,5.4907605867066,7.6224778569989,-16.1342058570191,14.3800879081603
-12.1770609756408,-8.16655377037621,-8.49390940106859,17.0165556544381,-11.1930103453921
41.9957305568912,9.76041304221296,20.3147057957774,13.7456103940425,-1.8863258817998
-9.25883038120447,-13.4335457511716,9.48365111846961,-6.22620973836084,1.87404682087769
6.20817535280963,-1.07098241702084,5.69642732749318,7.728919452687,-3.67145697976979
-0.68961632228238,7.51420184433816,-17.8660711566826,0.222437446008721,10.8758337560912
-12.9644684051184,-3.01790555082311,-6.48352074569941,1.12334724110119,-1.89792650898924
11.6749880619485,-19.0366751428093,28.7628918624692,0.811055672036252,1.30910225147018
-27.8810363976198,-7.48883375184464,-1.38950214777388,-4.02208451980516,-12.6186635039466
-34.1267995913144,-0.787864633679083,1.28144973890509,-21.6144798078808,-11.314510733019
15.9265046266134,11.8262746381941,11.4475617448252,-20.439840039852,14.4433178942113
1.6895507231507,-14.8938992954022,-0.509457522635714,1.60603622757061,16.8350171779668
-24.4675404457973,-7.1261491664468,12.3193436107421,-19.2768874260294,-10.6448929374847
-27.0214816686756,-5.56536796742075,-7.70915690965492,-6.99183581324298,-6.5275569138782
41.6527236016621,14.4068545126433,5.2665078612308,12.845786908693,10.8596257122569
-3.22479128372112,5.00043841088011,-10.5802374555521,-1.98525330085198,5.19066927361312
5.73861096680989,-11.2073972230781,-5.04897954659039,30.1281783998199,-7.95717383281584
-45.5808927136496,-6.2410980350731,-15.8851387434778,-13.2275683190554,-8.27781932746551
-3.19692195577591,-9.05618572566109,-11.0555637227828,-1.42131135746889,20.8091559297211
2.04939521763215,1.50279414053776,-8.52778001065579,-3.11946536906514,12.9447014997341
7.41346852022187,-2.75553963961532,12.7964862625654,-15.237731550168,14.3937064979914
15.0053123193039,-10.0118904899194,9.49715809827126,-0.257774892016631,16.3630121418436
26.3751220563814,15.9073153027537,1.55901269951425,-4.70631794343162,14.9167300640511
40.8306834554751,7.46795487292202,9.96529615006651,10.9040985610671,13.9537788761194
48.4535001183089,6.06236805154768,-1.98654643705335,14.9448939329327,30.6113141396169
21.1389083795472,13.5150244839713,-4.22997010744031,-0.338856151598464,15.5135735029586
18.3135234791505,19.1512868780154,2.05448723048987,-10.3714796680349,8.61879860723699
-22.5714690365311,10.4652706977148,-9.04090471588383,-0.433239451712716,-23.4166158557128
-5.89264574489451,5.94606166009173,-5.65675003655544,-12.9803984978084,8.13915141138348
0.454821017555495,-1.34155986018072,14.837461312463,-7.9584827020965,-3.0619005529279
2.77311184340952,-4.30017189270333,7.95524353107422,-7.9936358104906,7.46595157756239
2.12507286578217,9.24712160130118,-2.29967232921153,-5.62568285200827,1.35108062385057
3.72014652883076,4.46095812452884,1.14542088478127,8.11640210513607,-10.256956165641
9.08080454161562,2.90035366155153,-2.84387756927807,6.24426507047289,5.10638866625707
-9.22508710063732,-12.7066000363134,22.1307108012676,-0.0110374613658628,-18.3609983209144
0.0634599076234315,-4.14500062579149,-4.67551771973436,7.98607433098306,1.68696058023225
22.5866411102464,4.7692389695432,15.7263005502322,3.74793300746919,-1.5819450514774
-22.7190989531971,-3.51371377370402,-6.64890418041097,-14.3435390913835,3.75306139741374
33.3666243936117,-1.68316396103821,13.8128141077195,10.3633504086167,10.4308384331415
-43.752924153104,2.11711207078948,-19.7492703219638,-3.78662299948724,-21.5267363434777
-6.47596537241834,-8.73079208832632,7.69764644918432,0.781219488126766,-6.92332267598878
-3.75240304134983,-17.2624940964539,0.42500430852733,-1.49644611123466,15.5721069147381
7.70122494923014,10.5550659391053,-6.77170686808314,3.83525927755956,0.227665196859354
-21.3411220857887,-6.03804752002759,-17.9352861708437,2.93385303858177,0.156069920110638
-19.7727426739494,-6.64992380277767,8.59435084717295,-2.99031511233797,-17.949748997093
5.86389882265674,5.66776891796041,-8.98381760196815,2.25017472531691,7.49136636661344
20.2546495625629,7.8633363483606,-0.584824037839148,9.31461515406001,3.22410076407762
-0.686860763654148,17.7697599608216,1.87694145804708,-21.8387870788455,2.39609331962771
-12.4456544866162,-7.54747712054624,19.2357993134198,-15.3420075758931,-8.63228072719185
-5.33911422966487,0.543266746704604,-12.0229381254197,5.9751855159748,0.969827501220594
11.8406680485571,7.15502377655945,4.84746455959875,-0.559860224839823,0.785345279662928
-11.2074747247395,-2.55439767364358,-1.72041633886275,2.83801877465765,-8.3756877451386
-11.9343514373008,7.37506840630448,15.4214947791868,-16.6452942726522,-16.8424381279205
7.69382331924668,-2.65646341564753,-5.47975440401137,7.53141524357757,9.44972043393392
4.66965562230531,11.5774275298571,1.93924482477256,-6.19665377245448,-1.67731220686929
-9.00470780815948,-0.326368114871335,-12.9512958116409,-3.7194122481843,9.86928385507584
-42.0463364751189,-16.8132954214432,-5.01545569241085,0.802968013623377,-20.1045186592185
-5.81706249498521,6.87897473896571,-6.93880091161836,-10.6629866162163,5.65771408794545
11.2771916624778,-9.04305029111603,4.65751375221151,2.75146166343352,14.3111740440788
-26.2904294002823,-2.71364979361631,-14.7012305589569,-1.95231973545749,-7.58903239880647
-27.0736774441191,-7.55686525683892,0.548451634281812,-28.4969565938091,9.13194836430982
-32.730981400053,-4.01582872728885,-11.6827073110893,-8.68337535680694,-8.18850425510199
13.0208406391088,19.3601374198652,-6.80593828956984,-1.45799768456524,3.80628099132884
-12.5146187196511,-23.2001022254661,-0.628046698765659,13.9058854448736,-2.59770164607231
3.41070684790101,-1.99819403497896,-0.881167985698856,1.75060678600618,4.62913744144591
-5.81025626334682,11.7628657079876,7.13192953949032,-10.9277737742378,-12.4477875274103
-18.5627511674807,-17.544220567523,1.68621583326959,-14.3144080251674,12.3927484759792
15.433186154267,2.63604665957996,17.4521275710586,1.25831282387043,-5.25921787970239
-1.39618456603519,11.4592786806605,-12.3922609817983,0.645729714288068,-0.411321684205793
13.5030451427467,8.54234527409312,-0.936256333679901,10.6780083342973,-4.12742361617433
-1.52620291125304,-7.6951429788914,-2.34726978625129,0.197854591675183,7.15648441157621
-11.3216855092158,11.6224254646501,-22.4547089343223,-15.6076238187379,15.4858795742155
-4.60393752822147,6.32016916579081,-8.28895380720309,0.162791973464073,-3.96764457414657
7.76433460390934,0.160378088802097,4.7231864662672,-3.29214018151036,5.92858807658206
-10.8898662195612,-11.9339015666091,-7.25649163137362,7.1149595905602,2.5224962532309
22.0682773788075,-6.36158366955794,3.94469669336095,24.809859028191,0.385774253996408
8.89647160056123,-2.93027262246607,7.57397608459849,-5.42263524103103,9.96659354684348
47.8260686244042,31.6968359640451,2.67094158011097,8.18140848336021,7.1965813997579
-4.12262990964028,10.2516857585444,-17.6601871414969,-3.8606181396256,8.52273919282226
-11.7013403839988,-6.46521495931136,-2.99340829041049,-0.622021149758133,1.64711224112847
5.1177479453578,12.0755195045546,6.1657879037913,-17.969733284767,5.85313684758419
-47.9773628653942,-24.647270007282,-8.89461638306883,-4.42234394112561,-8.22960416337559
7.3716308989384,-0.268492499077551,6.12818376913324,-3.28864108062028,6.55417303188982
6.08293374545335,3.27667570645988,10.1274640865627,-7.45297698687148,1.95725974431095
-20.8844603046934,3.71619757040282,-23.3235429020985,-6.90921030093643,7.37058057384492
-13.695315266829,2.62626597459979,-8.62571024167324,4.59124324155643,-10.9441255261172
-9.13875957026912,-15.3687563269005,-14.9346364030626,11.0299433809945,12.6690465685013
-19.915719784139,-5.83356750009597,-4.57196319793452,-2.4020740962831,-7.47739476750968
2.76979442080993,8.9572843087422,2.44772823227105,-10.086672543769,2.91263127419522
10.0815236707532,-13.9674617318329,5.91820501818012,9.74807879424166,9.96394567749938
-38.655516243487,-15.8856513355343,-15.187082079518,-9.81659976346668,3.28065061281715
-1.87433788601468,-10.1055415074883,-2.34816179847984,3.91395336947008,6.26297538082069
-26.0781285037677,-13.7179086884807,2.60289862548005,-5.03744363849464,-7.27898407664005
-1.47278223840371,-18.1014149590274,-5.11179687770987,6.85928076634732,15.2821345436357
-17.9135421584612,-4.88360946107077,-5.36244486035881,-3.78727105638955,-2.50243144366292
1.18242525795134,6.57870793720275,7.61655448635108,-7.54886434384131,-5.32038321738804
27.7065402137185,7.30805945395118,19.6803472823726,-1.68956601022528,4.42285178435497
9.57863030766006,13.1878655718462,-7.4892619710757,-0.894650554113629,5.50727842963549
0.428698269385482,10.2897762875627,-10.8348622970611,2.86266329418942,0.109178099127684
20.421738925601,13.5761964023024,3.62511000772917,6.81397083876588,-1.60461698440609
2.70494529983841,9.09064603097795,-24.9518337751987,3.79960933342673,14.3263043880706
32.7723468268261,5.35172816507116,8.95115900952294,5.98842835287874,14.2838007431111
-24.4008114232223,-1.10076782276264,-12.9931627852359,-15.8360576171739,7.1166045498045
20.2057165720817,11.0005827364901,4.20702657817961,13.9040302922997,-8.4198937569452
-26.1803508474963,-0.676817753373778,-0.719600232387426,0.592473287878449,-25.363636236474
3.153860423452,-11.6937964510176,-13.080932120755,23.635738321687,5.65038834620972
9.27700870848293,8.30932204602029,5.63103383310751,8.51860180033218,-11.9158806293657
-4.88495394908716,-6.43373160852197,7.25076652360248,5.00074960412221,-8.14407159365495
-4.43608295541139,-10.5308142683056,2.01831567717565,1.73341414016108,2.75882488386113
-13.2570491133097,-8.59295520414506,0.078572269318574,12.77351665427,-15.6756071293329
-17.9499035109848,-5.39749228826044,-8.03408450698811,8.57856906000182,-12.8363519391182
21.8158519876859,-5.311885011422,14.1796125307999,2.44681200132235,11.1472405602626
-4.69186719474347,7.21822981052613,-19.2011781545394,-2.36842111947527,10.8259608717084
36.4218832439318,17.3758269039333,-3.61818053339609,-0.376388497824309,24.4006324906816
-28.0115514447554,-9.93124119222216,-5.1009010147255,1.42108417902948,-12.5395169590269
2.65787465147093,-7.52281783643218,9.37088935843958,8.59954652369237,-7.13511155691217
-8.50703718417714,5.42328477390932,2.14156409351093,-10.5970785495076,-3.69071898324871
18.6462260487767,5.2325465083284,1.85784409349073,-3.56994271023935,16.5702963289536
-4.49397102899164,5.86855802707772,-2.08974846605175,-5.88053650849994,-0.55411041871489
17.0178770105674,7.17166205536361,0.870986322741836,7.73739588125671,0.85551148297797
-25.4068225741182,1.21780521948302,10.5704644681049,-18.8642081535587,-15.5505666127713
-22.0851021043146,-2.39332739376234,-16.7341272606509,-0.126868389686435,-2.67585844435687
-1.0166488075941,15.8745877586896,-4.98490966029655,-5.01735345157423,-6.38943113284074
3.19576651930658,0.45406089419195,9.55019338401904,-8.12016861846242,0.933388046606799
-1.49191947154123,-3.89295086975853,-3.64530654770805,0.680189917745178,7.54926161212991
3.99196870094011,9.11593331238917,5.26112720826768,-10.1338878618176,0.681862347966083
0.336063696402223,7.16428996427579,-1.5435333508587,0.238398505059635,-6.00308504035786
-13.9454765922161,-13.5081173283069,13.5763823267408,-3.01901915238455,-10.2251095196991
-16.4786325510812,-13.6743018233658,11.9494812159236,-3.61614160707488,-9.93859945416268
-7.26642901114124,9.72622537286796,-4.54938578738501,-5.60217589287019,-5.58683165241932
-14.1423950290754,-1.98306205500909,-9.49372857763912,1.11494846067322,-5.41933179504801
-0.266269662663336,2.04770886535676,-2.10582578271549,-8.34494592267049,8.53451257316543
-4.67351736030975,7.34363494701137,-12.0077091252525,-12.1100252471367,14.1132474505641
4.0319155071844,0.709867523996452,-4.38171218552,9.7051381084092,-1.41767125204655
-11.442033254387,-13.7325223862584,-3.26184742511701,4.46370618543932,0.110895569800642
0.454714538698256,10.126226226325,5.87220314508498,-4.15195075856175,-10.4585797291946
-9.2230533541593,-3.73155089748276,-0.0764720625286461,-3.00177491932643,-3.74262299949294
-11.8093735572491,-17.8338487134726,10.2881884863683,-2.05613763503814,-0.885721826004714
-23.7694683697467,-12.169721895755,5.38919048270753,-1.48075089934569,-13.6127308429314
-12.9517122236334,-24.1709677574485,-4.35844962293268,10.0379654954328,6.87241671384745
-14.5235423165079,-20.9618164383665,-7.26506087261188,-3.07936962427554,18.1172171209319
-5.52953141047245,11.6623338129504,-0.403342200390508,-1.80438952749221,-14.4923825116971
-17.7471170270912,-9.28410001730526,-1.67040679333895,-12.1561211517673,5.62997229845745
-14.5629224376359,-1.47090115811842,-16.0395412249319,-8.16486432465297,11.2764146837692
-41.8932399560537,-8.9108297754275,-20.4100649720522,-2.6043091846237,-7.74677387363095
-19.4911690825433,-4.15568151412682,-11.8016505338712,8.5761894155975,-10.3442717652263
31.699162939274,13.1072662863998,14.3857286091592,8.16121192228774,-1.96093609547659
-19.9121256894081,-9.4482688694744,-18.0321108168972,7.3956775148822,1.27351928332261
-11.0140471641785,-9.75657462959668,-0.554017661821146,-5.57285231533325,6.30271760927646
1.68363243311891,5.53217873388157,-1.38579262887911,-10.8384887442242,9.70605210324905
11.5988272502231,-0.865394540069369,-4.04913268627008,8.7644289655843,8.7708491195729
6.34216917750776,-8.78814250983478,4.23485317518376,2.87287373208033,9.02709450166609
-3.6579495055234,-6.80540710069003,-5.040182893179,-5.40408456350988,13.8238198403749
-4.66437988198765,1.55602467725405,-1.26182465974645,-0.727634723350414,-3.61190816503606
16.3768733984963,11.8152019044149,1.57145161182915,19.4650481637234,-15.5018656238035
0.876281187973893,0.0159843707742928,-0.118269744794114,-5.2171213665198,7.34060127511967
-3.85084268531865,-2.56676948582244,3.54726235767266,-3.30831554240087,-0.689073771718262
37.1193897031523,7.97639375827778,-7.74076066769412,11.3827639485085,26.5554533336092
-7.14248446697739,-7.35709257468581,-2.46582681674418,3.02960717089928,-0.0290038589801454
-23.2841234202976,-10.8867699930816,5.39472401518009,-6.36624475996215,-9.82628281740618
22.0873190266509,17.4288071824033,6.74089465874317,-6.13003052623747,4.33688898722521
5.59876135571982,7.09872382129367,-9.79559723214791,-3.91375586076095,13.3726730594071
-4.8895847760625,-6.00950872769669,4.72211466913884,-11.6563253550773,9.1157422069802
-40.6717330391073,-9.04598558259528,-16.2313350647027,-19.0130320565649,5.85544095274572
44.4812485489523,21.2355178835171,9.63999563550784,11.7440591144633,2.83778092170104
4.58958017929994,17.802893638032,-2.23024858936082,6.86143669451614,-17.6130961080352
1.48514705048797,6.73305803061912,-5.91080029607372,10.0224867940531,-7.33802443562396
-8.10835141652431,5.24364204218936,-19.7693154592147,-2.61709590122185,9.97899589950979
3.29252362470839,9.59427109433624,-5.64227399328514,6.39102435158579,-6.01602977270285
-20.2699568703636,-11.1583285929159,-1.29536908373347,4.13194692914571,-11.1928947738387
-25.1847718500299,-3.06365235957233,-4.27253728859764,-9.11622195198224,-7.31155223697803
11.0339997196856,-10.2418546897496,-7.69609894048586,26.8155679320454,2.46570803425917
22.2394909569094,13.339495349257,11.5633007350298,5.5368861933324,-7.18239780900518
12.3382162375269,5.26848924115671,-4.4407453019033,6.69717041733017,5.58889478903215
-21.1604781023978,-10.6559589277447,0.228952224142168,-2.17720150339266,-7.96487018389933
24.2210671458705,15.265134380392,12.2971680022227,-10.2636226186594,8.83592746369582
29.1992117577854,3.973519158588,18.0343310251548,-0.322707483720675,9.77659855919418
3.10876659373809,5.19852160782208,3.19750815710191,-9.5904363809412,5.81678485045168
5.77849170718214,-0.841781941909553,-15.8039061134351,11.9185097503935,11.9334807306928
-16.9869664684258,2.37440413249737,-4.85316735167843,-11.4286664633832,-1.34837869504354
-37.9698666718691,-13.2274457071484,-1.0678953447424,-16.5256078891255,-7.34589304872643
1.81873161316191,5.18059057114836,-1.79852543353839,6.05481983411293,-6.04736301146617
24.7543364674443,-3.00503015660825,10.328010349288,18.1700863501511,2.56946612921435
-36.5190249042509,2.43943257321964,-30.0365240102597,-6.51319237618303,0.0884042994141777
16.494937691125,-2.27549279782779,-2.9598345842074,15.4886754469161,7.01142170510867
25.279674539578,10.544283918355,2.52480352909509,2.54411224047734,8.96251959214436
31.9904580519466,-0.0894692614776369,14.0647515126709,-0.443390547194482,18.9295508759039
13.6362508595337,-2.58612339464635,8.05351773795941,16.2288422168731,-6.42064194154411
12.6161974662103,8.70764822608365,-0.208110038476482,-12.5885000997053,18.3781575862971
-2.05967693875166,5.30386367826596,-4.39400548106101,-2.15826215429529,0.405465452766331
13.1540402581108,-6.0074071783465,14.1936049216617,-11.7902484582145,17.1895156048318
2.6084191191352,11.4388350663955,-5.82489423984093,-12.4731156473184,10.4062047516024
17.3740748140014,4.44086595723363,10.2767490518069,2.34242394583774,1.14452195537984
-15.3946663265012,-13.5086098367275,10.3913060673268,-9.78108586052783,-1.73551417111199
-17.0830514212973,9.208521121571,1.17999206906852,-16.1734969837731,-9.57626246146183
-33.1300661676684,-9.89741260947192,-14.7256955497202,-8.8085715577425,2.30731023484463
-25.3705281778536,-6.79998345762438,-11.0407667658106,-8.06036589175752,-1.23816758870909
33.8075603364625,8.09487618951523,4.73980232908679,17.0022004135007,5.00401891922873
-1.37058933947104,-6.61864014736208,-6.06426749323944,-3.75091059818768,14.7525030255254
1.91628226195839,4.56584195349918,12.9863774832268,-11.2241315847978,-4.54261872624541
63.5223079289414,18.2643863590369,12.2129799064844,16.0005689721854,18.0768524297594
7.31107645870532,12.2542250907742,-5.44119448734477,4.08308676104928,-1.05114600296318
9.70533460747436,14.9078177252095,-5.16568969493004,-4.15204794096254,6.73469810333169
1.92494314536554,-5.39712019315526,7.50399212502268,-16.6566646330221,16.2812211931082
14.6198109367513,11.0072883373428,-6.50187739496944,9.4723770375531,2.94856742441878
12.4152770471934,-0.73904682947072,-5.21487104271194,3.61471284600277,16.0814583802263
-4.96803063573005,12.0038750908414,3.75960547798547,2.90142535870913,-22.1718179382049
-2.0796343238564,8.75516064026155,-6.75236563808808,-4.55994014934855,1.44503668290449
-13.387492203465,-7.43504201422099,6.43366298278709,-2.87136197222227,-7.22517901011337
24.3862224159152,12.5096140858323,-2.65508826742705,2.98410551999606,13.5462853951806
-18.7027294918538,-15.5340151575621,-6.70320042227957,-1.36365733932962,6.56028529961793
-1.3500594899659,1.51993289306834,-9.18157728317577,-6.22214494877566,13.4122344138177
14.1665998812889,9.63122766378759,-6.02030839831512,6.95220337675031,5.46847431269289
-26.5772085468441,-9.2907204965258,-11.9173893071023,2.19619209204657,-5.74826340412529
-13.1063986327969,-0.3718376731133,-8.03064350498046,1.52349451512531,-5.19086030614139
-0.148144992964134,-1.70067204471563,0.0834303567477893,-11.7805086617981,13.4807073310487
4.41894617056523,0.216765273013066,-5.74903119495794,13.2873889705509,-3.39480311726432
16.4767504986124,-0.94689770796583,-9.24558121216882,34.7775844988195,-8.84239695341217
-31.5906804470966,-7.54189176125402,-0.145925802866352,-9.10537055601946,-15.5750967673451
1.95979056545544,-13.1046997697491,3.01092770450521,4.79833395592241,8.17894259930395
31.7440981170585,5.11078172196604,7.48251502198329,6.9740657773135,12.2484289674873
-5.0204170196888,12.2635865706526,6.08517168148298,-16.3143521086911,-5.8716866939495
-23.5304458383126,7.72386168290078,-13.0540476410505,-7.54723658468286,-10.1794471756262
-11.9146943939553,-6.05956020811246,-0.568912922945255,0.518781148468504,-6.94135895918894
-4.5003523095542,0.958165760315643,-1.08053425648648,-4.78414067444635,0.817550440336193
-35.7226257927048,-12.2326144400881,-5.36718615775072,-21.785134815061,5.02339661178993
-40.6095988216164,-24.6847679293275,-8.19235797194829,-13.66524640439,6.45790614444213
-21.9511634647558,-9.53862487064348,-1.71575159834403,-14.6211799582271,4.79234192691138
21.6469943930648,12.0964279088137,10.0385460332181,3.18036509013036,-2.60238154589402
1.1201890418797,2.17434814943018,5.45546575169894,-5.69005294919728,0.156774116876052
2.24579076524042,-12.2945038784172,-8.8932736654733,-2.95648364214244,27.9258476428418
-12.6503212056603,-5.24254557605486,-6.72484057695432,8.06096384947656,-8.37432288582601
-11.189933400971,-6.82977991138124,15.3068169534586,-7.39331757986194,-10.8446312210646
-29.6344437972975,9.92826780981573,-7.87984140206031,-10.8648641419725,-20.1353550809872
-1.96023581121595,0.325418858767498,11.0355718116535,-3.68956639968931,-7.75804856399538
13.3230713892757,12.6924117247418,-2.03473752046112,-2.32027854694435,6.04714907119387
3.45730757367479,-12.152645748779,2.27171746191833,9.56313868389391,7.02737540598154
-5.00291797265231,-4.69938219902908,-5.12223226835803,4.62493905002837,1.55929596834179
-2.41742606916582,-19.6866076242924,13.402943598167,1.96036411690017,2.50288366829852
14.0535876575582,16.7915997887769,8.50552686041429,-9.02781595011111,-1.61999107094775
-15.4268963095231,0.260030691795716,-4.18445086303981,-6.38162424412739,-3.43756113548506
16.2866422218709,-1.67793756752536,7.63288802875519,6.75703437150428,4.90525791534525
10.4773975963041,3.59008106945465,11.764761594128,4.20331332050295,-8.393430778342
-8.17143746014784,2.02056696738107,-5.82270385714829,-18.7394747432537,16.1633871113319
-5.59065979097593,-0.554694293729851,1.23003592532259,10.5991787703612,-17.1888446680417
2.55613865299694,1.86913212622075,-1.70354749269323,2.17220864273647,-0.612467363705467
4.15351529562751,7.69492179421757,16.0618728813091,-10.9094525248813,-8.0532878383717
0.390646644855668,15.4101678401106,-22.7921853569304,-2.90110480767051,12.1673189269147
-34.1620555488979,-1.13402104776934,-13.5652980204125,-12.7687839204687,-3.88902171349136
7.87134916785814,-3.35712194720001,1.65108754746187,-3.9552264429883,14.457171151009
6.26616381454333,9.06157828016514,1.24308038244855,-2.37200737040786,-0.44928190136608
-17.0822191883215,-7.25957308831714,0.399432499992109,-9.50212450522388,1.24602485963796
32.0053974428954,9.08046503477415,-24.1655889224139,23.5901413713317,23.7231796838209
-18.534776777229,-4.07425829164603,9.53478468667526,-13.6344117971133,-9.79546181051494
-17.3320416625752,-6.9934489353924,6.13025744989813,-8.471226772396,-6.26135030072707
19.7111216797423,2.06007357438135,9.80402244362745,7.07257708422403,2.5302572100488
-20.1416102260919,-8.33760642666655,-13.3734610494521,6.25868225250766,-0.903782511197018
-6.96447282422815,9.61387245537093,-1.08751528388115,-5.64133776467311,-10.7920239399284
-33.5869086449732,-13.8736336229356,-10.2884991872506,-1.6798260263027,-6.57689485620267
-10.3017315403058,0.940936222842056,1.63533149206075,-8.22161206765459,-0.993443494543539
18.2333712321437,5.97702746032132,3.6665651709722,3.97612169408335,6.74344671246717
-21.8160561103712,17.3023582414999,-2.47918577713784,-8.95819369027235,-26.6734573443829
-13.5918643915942,-18.3444445056413,-3.44082958467691,8.86472282447344,0.283631654542131
13.6438548842303,1.87836758679928,4.5321449565897,3.41826612969641,3.38491273790042
-28.7589238436971,-13.0454166528562,-8.16514550486913,-9.2304435303939,3.12226344999819
3.20019300990019,-1.47171722855115,11.8107072058019,9.40160578575016,-15.0019290318276
13.9590031222403,23.0337064413475,-6.5445931888767,-10.2247372441532,8.71840552951028
-11.316459498413,-15.5488191159047,-6.97784172531311,11.4406815433809,-0.42965856894179
2.83321418643917,6.20468114365552,-1.39557908204157,-10.9785787559033,11.4076606684291
0.0509627397384285,-4.849217106196,-10.1416468993533,12.0784237143936,4.28860036878779
30.7438021172036,16.7193225850215,3.58129980962782,1.6281058697632,8.33308440747029
33.8591354765221,6.32012957644596,13.9570176861893,4.10069321006328,11.4981717654885
14.1405406629054,-3.80155809119556,0.98572734495445,-1.08321162807932,17.9827992078005
-4.57731125128908,10.7579036359995,0.300195740064516,-25.2524167650162,10.5101798312589
-17.7625331925258,2.50686211870399,-1.05368132125667,-9.71286490744207,-9.18534843277945
5.95108345153868,-10.1550698526503,-9.50609240435111,18.9151566712531,7.40868693509881
-5.99775637431776,7.03146949528342,-0.726975810479737,-7.04188818726509,-4.60903585143238
-13.5983398931527,-7.56230463305059,-6.32205897530269,13.1912432131806,-11.9358880098285
-10.7064165716342,-0.44758689518167,-1.04109178866027,-8.71629945327492,0.374529861147685
-3.02899433093735,2.42261167276629,-0.116310677819646,5.19095753011234,-10.1315416405338
-25.006677225816,-4.61336403262235,-1.78016346142093,5.70541339154622,-23.5324504640698
-17.726481922499,-3.69926596832869,10.5044512200863,-2.69472059068098,-19.6169921363236
5.26102683257633,8.41421642754045,-21.0908728968637,13.0021769316756,7.9806585863519
-5.55639038185145,-4.2157049614292,14.4874437420365,-18.5749143070656,4.25733165866275
13.8691403804649,9.56820942364113,9.27256075431588,-3.47303154035727,-0.19956040972281
9.82793028031276,18.4859519092934,-1.09292884976321,2.51909586467556,-8.69469008528007
38.7217893436393,3.55058251286575,17.5888374721267,16.0899066092218,1.24196533142061
-22.3648207429341,-5.65748347442378,-7.39102306365635,11.1346593705138,-19.9150761191429
43.3701332766311,9.20129878814101,17.8196172588385,19.6459609327856,0.280091654200927
-22.7905818956593,-16.7113879318832,4.59154676355471,-1.61568344502964,-10.7402828196158
4.61230781109097,2.55160248623809,6.58455196550465,-16.2352158153109,12.1253585602938
-8.87725259129217,-1.88472309116219,-12.8213201601418,8.50303328421026,-2.22360810177896
-15.6012304191469,-21.4172618533051,-1.1819319112252,-9.74992882393906,14.8366201991104
-10.1178798592858,1.52185507346978,-18.8053508921089,3.50117383259531,4.80070525522969
-24.9091463726078,-14.6453625573334,-1.36691662496878,-3.70606739698809,-4.88945408537242
9.43653740522677,8.33623390923031,-1.57331903972905,-4.43167787467089,9.35285430375917
4.2201327762942,9.54300487577765,-0.438711425244607,1.44191519069524,-3.49053926598102
1.58767254564835,-5.64181588012501,-2.83100679017236,-0.0295947016480682,11.0046462596779
6.04279089304818,2.26519800645105,0.281646176990709,-7.36716347886265,12.0649498359931
-9.80748312930657,9.5492454832319,-15.4214143117316,-6.38853388252067,4.1636321527109
-21.9630628378076,-12.6374973295101,3.42945963069292,-2.56228758129531,-7.44920632196332
38.6201161643189,7.8902292790162,15.7943520503164,8.34791278555118,8.99103281548388
11.9388368656313,21.0323034377557,1.38366593028032,-8.68099069836721,-2.26825866295037
4.93134615831127,6.88832634737379,-4.83540003652688,1.55915844935466,2.15723723037486
3.40516243604653,15.9215284611794,-8.5972257949763,0.24909382405105,-0.728582654271924
24.1050311418566,-2.52552800714093,15.0137044580272,3.78387056595696,8.40717277183386
-28.4954065049358,-13.5892703405753,-22.7720334735561,5.84974331019808,3.21079952029986
-21.9842459694427,-12.4231230136996,3.53963680376798,-3.2720248072768,-8.86035145557559
-20.8588113076413,-4.46688480140501,-8.33195713585787,-13.4931597189593,7.05848701488872
-4.21124805059505,0.470253861465154,2.32017571182991,5.60017309096125,-10.5297140789684
8.17243432097449,-1.57514166059211,11.520662780722,-0.585555341552044,0.241481582218437
-25.0536945760523,-9.31756196709934,-15.3134778120456,-1.16742775299787,0.535696454437697
-30.9311879758412,-26.7430130862352,-10.9474321975398,-0.718002164719455,9.911341568523
5.43283844324781,2.11339051711416,-11.8489120719763,1.69235167786272,14.9770528411393
2.83157697377092,-22.1419096873775,7.4468461347422,7.28967939561453,10.3238298594835
-42.3453387223676,-2.87017842310235,-24.7726379563432,-8.26224121333997,-6.25272026556712
-39.3207111785007,-14.9169624881091,7.06506592352339,-12.3866647963422,-18.0944131540113
-10.3116329602093,-2.32851117369474,-3.36232335174166,-2.90374996123562,0.0301157244106361
9.40176694052707,-7.04678353019152,8.40261414131398,10.9800901815765,-0.77244513820116
-4.77216322911594,-2.77749055556755,-3.68533935146732,2.38832499867752,-0.150777964073103
-7.28889180285384,-25.6171402892756,19.0222943118404,-0.877790275845731,0.865575831401293
-3.33751597414854,-4.63522220793349,-8.7170102216638,-2.64653764299246,13.244633207116
12.7982003128276,6.61801425980779,-9.7959613963407,23.4647448945792,-7.41441834422796
-7.16654341046222,7.10652195093897,-13.6696613327578,3.89563833715663,-1.22453593463973
-7.39235933858365,-3.00671923424443,5.77473008016612,-5.80435854554559,-3.51221774774813
20.1567593743188,8.06073563792637,15.2715373487627,-3.57772242308117,1.43656399644691
-5.96688988263531,-5.09311514440233,-10.6013800366576,6.25689781753793,4.50660788992626
8.44603723304197,-11.1498855065774,10.637405733948,9.73285555314964,0.679692059091719
15.339651429775,-1.23988031425344,-2.74456872313197,17.7446785848146,2.78597365568785
46.6828826117672,6.47784534298725,35.3357293201328,2.46086277612251,3.45438010042411
6.1997160818504,-9.80714810616945,5.62876663419634,0.496818984596233,11.3032967944372
-20.812305343276,-11.6983356017304,-7.77492084096651,-10.4937576405932,10.9064744397892
4.71409236440564,-3.95674077657314,2.75961016258406,15.4490692082321,-9.38703172185235
26.5308772710861,5.83804634563846,6.60868394921584,9.25409592361478,6.71947887630413
-27.8649295232561,-15.6356417541865,1.3210985983168,-25.4031306809803,11.3633051334803
13.031138860933,-4.04870005232244,8.01290431748314,13.5382831320097,-3.13517360245677
-3.62612838492766,-4.7135189412298,6.82620767124835,-3.7525952487413,-0.615852860695005
5.62748501171715,-1.60222376425715,5.7094123573652,11.285758983051,-8.0815107445138
-8.79634523437755,5.11253904541005,-13.9623886793752,0.847362024440366,-0.823610610686083
-22.4618847237194,-4.46283608119293,-6.06430878796909,-5.09363190964111,-6.08651645297328
26.7181303665313,5.20284550552968,9.03472724761756,7.41852302104032,5.15759898895304
-33.9412964679898,-4.95468107175545,-1.52932094997758,-19.0287050632356,-8.8522241562207
-19.5646082324136,-12.288365188087,-9.94510717123372,3.03806217122804,1.34557115850459
-13.1421584902183,8.8502152507279,-3.56190065031225,-13.1581609670484,-3.45167779540754
0.464272402202174,-0.935455567255858,11.0376012121246,-7.5322202173826,-1.16224023256138
-21.4878831637414,-3.15143080061437,-6.59556308525914,-14.1854122133795,4.15320749876049
-7.08628813329507,-6.38486678768323,-9.7745743864281,-4.32514320187618,14.1250929431242
-0.696398047788541,-0.646277222700978,-5.85172025234495,3.76016244532874,2.75210503446972
-12.7178259550545,-3.71533006103783,-2.50180417208221,5.7782845134765,-11.311937453848
-3.20172857380519,-13.6066649619594,1.60523404300142,-9.06344464886709,19.3369528575259
-15.6205081370723,-14.1354689871654,-5.4301399492804,5.8373394576769,-0.857814173469017
-12.7895873577139,0.881370710349545,-3.11993662935462,-4.56636911316772,-3.03296847808424
-12.747845147848,-13.6475656453138,-14.1864354151627,5.86050960461236,11.5039151880911
-27.4153708969395,-22.2599002000035,-12.832116072276,8.69247526245576,-0.500772216338894
-39.4188339315537,-3.26345930379077,-24.4671164410008,6.65718115209944,-17.1936707647837
-16.0105991892255,-5.9840082112889,0.721661856679123,-11.5001014913458,1.4364399127047
-10.1386379411419,-3.99976103524509,3.64576979094118,-6.48134061102836,-2.01888647661821
-0.88786215859021,3.55471948636998,11.0112707121584,-7.16719903133289,-7.37311261037109
15.8445432598571,6.82516056777612,1.66715448364452,3.06316381107021,4.43469782021598
-14.1194779446256,-12.028118949136,-3.69322562916716,6.63110096045638,-5.74234634469981
-2.33756893310157,-2.13111200906528,26.4536661908963,-17.7484730069505,-9.39461915041892
-9.67745832185407,7.6333042209991,-12.5341636913259,9.34837414601501,-14.405298455691
-15.7945000110491,3.65051659544072,7.38539345729371,-6.59020780769122,-17.6164243697
-31.9057191392646,-2.46087284026251,-11.8322595036719,-10.1079166203965,-5.92388441552826
-6.40760557161908,8.50279708521073,-13.5450315742759,4.65205432690868,-5.61504292068781
12.6854916729582,11.013731053506,1.90008764022319,8.66356989607775,-6.43194851952029
-34.3240726697206,-23.4456309696365,-3.4501584356591,-7.29516562740099,1.07455156522378
-24.8397718077605,-9.71147485226028,-14.7311557913025,4.82051787780156,-2.54838951010214
0.489613729264692,-4.30427852412601,-2.38698168148073,-4.94618247517957,13.0328304639328
-40.7437059811867,-5.61878602449418,-10.6853461683615,-5.02929445127976,-16.0039199347375
5.28431192356303,2.75942125935832,-12.6188093962971,13.2356764067503,0.557711196000049
-37.1604776817825,2.95866957806345,-3.02800632531597,-18.2673917724268,-16.1839629873367
16.9965918019109,-16.4505773437666,-1.87494940741171,15.8209285777824,20.319553563565
6.63735369794264,6.01128753259167,1.58915014307482,5.08839039181412,-3.44482410869444
47.3030350761289,13.6853682375499,18.1151183530741,1.47561175731075,14.2656239062928
-20.1102310939548,4.34303374205874,-24.3910132972123,-4.87017694810531,4.70020206675572
-52.6734445317549,-3.63795585386438,-9.563559336806,-36.0079673948369,-2.0319296143392
19.4451777592017,0.138660919689332,-0.712544392176691,13.5696112001809,6.82835819668291
-3.97615779750469,1.80904972922339,5.84851394521887,-4.81324500474171,-5.75218736308417
-27.3490636206059,-1.83239646699934,-5.70138562534806,-17.8702091349884,-2.66251093856294
30.6458204538329,13.5414148554364,7.9489828642742,-1.28288497384153,10.8783706775401
-3.77988072537023,-3.57118257261855,1.90076616979714,0.675143351303204,-1.5658849169788
1.86595621459516,5.28082178734139,-13.8606315489667,16.4283533757292,-4.27023083694491
-8.6512949104624,7.15783771731838,-9.24249617356393,5.67284053394168,-10.9296726374935
-22.4369884344916,-12.4119829147333,-4.1683083210579,-6.32519157260255,1.97668849777991
2.79832797187956,10.0801305861802,-6.52418626637577,-2.50536239706965,1.90464748210311
28.5381685999704,25.3192642071082,0.500117006084639,-9.46716364854338,13.3441415085098
-29.417257167453,6.23371296201726,-2.22784635155596,-20.7646915470403,-10.4567415063289
-13.1758990087748,9.13675587607554,-12.5901988495065,-5.36546567309217,-2.6489303492201
-16.9350817580097,-11.229409650713,-16.1647963985232,2.60975427180659,9.2647870721545
-20.8392896184885,-18.5364514755976,-6.6311153114271,2.97872446031178,2.85965768382451
-5.04515081360963,-0.108339864267457,-0.355114875180378,9.73361697064518,-11.9803043237176
25.9712985058169,7.28494754400078,7.47198599694556,17.1288644141886,-5.770412982219
8.87031148819736,1.6583941640669,1.1437163772783,7.05401397033503,-1.02238926675023
16.7572905882625,-0.076636445511661,1.97354389215896,17.1658602024569,-1.54408724382492
-23.9160539075278,-15.2274055745949,-12.2712670911186,-10.9461333466269,14.0988403116064
-32.7646867591298,-9.27044154513357,-11.1305579999654,12.9188254159654,-21.5814638489986
3.9329411989126,-1.20545114736486,8.49793812672841,-2.21481263313969,-0.822949832294058
31.6730619071288,18.2300850998332,14.3612727077588,-0.826142663928609,1.75606925203217
-18.0223860690073,-0.692549202622324,-4.42515528478497,-14.8407319611163,1.13000264513887
7.17692323429649,-11.8360613326109,9.42412833438654,-6.38894459221731,18.6993220331357
-8.89704175055769,-14.8606375492275,-1.04071336318692,-12.7041024237832,19.6992076014598
-19.7667174532187,-10.4407917072609,-5.14830567886932,-12.0016739216612,9.89276063547147
-19.3151551206066,-3.31692366424015,1.52621260453857,-13.7370609275515,-3.34552579364354
29.7404999094482,2.75430210052614,1.65852256037328,16.9942810202503,9.89655354032793
17.5427385347702,-5.3410285193509,10.8623056078274,13.586537190115,-0.127981620646033
16.9881200849853,11.4043483353679,11.4829887967761,9.9743304329372,-14.9595755652174
-17.4156616964374,-1.05745177963508,-5.27544027065121,-11.2396565413913,-0.134326027007001
-16.3372062241188,11.4995439230263,-5.81175252754077,-6.6580612600724,-13.6250027060253
-3.55094138500854,10.3848551583407,-7.54417908586431,9.09303717914531,-16.0834471064467
-28.0072957205215,-14.7483716858375,2.63717790465198,-7.40985856838273,-6.01809315310292
17.6726350988854,-0.249808606315632,-1.88774202754043,6.32948591872958,14.4126010413117
24.1497154826778,6.63574167558073,21.4509989342649,-13.8263215162512,10.4399578706475
-13.6333907194894,-5.28942507596349,-0.194792254856074,0.136208011525521,-7.28538934388011
-14.3103379357133,-5.7070745645768,-4.25818157306573,-9.46858894445307,5.67352149543094
-17.2562156290475,-4.42053920233652,-13.0764569275462,-0.321516424905878,-0.0620072469683341
5.49162543279767,7.6750599070744,-12.6084773895735,14.1804293606254,-5.10239309847555
30.536589731882,5.77822475345283,-3.02613797547285,21.2816066872226,6.7681504182451
-9.40025898636123,-2.38197776599322,-8.83159058658932,-8.47721963307231,10.4812203478342
-12.7804930953396,4.85696709725883,6.83098196820227,-4.94607678018491,-18.8271292242787
-4.35886398237706,-6.57782817565945,1.33898809777198,0.654208088697171,1.09966771240623
17.8560542259021,19.9642840952181,14.1201644557385,-9.95897127436488,-6.05032460816474
21.1792255029491,1.04256894352109,9.1179470363885,4.10723881194441,6.52533336333465
7.47579123064788,9.42234719442279,-9.54567089016437,12.2243453539629,-3.15042434359058
26.5563609160754,21.7928223626448,-5.4680513436149,4.14749562771364,7.68634248775947
25.6651952602861,24.5700207933534,-4.97839478013793,6.14052159624663,1.83115251041222
20.4700854775105,4.91167520049465,-0.67354969153002,7.86348578608762,8.51586303999453
14.6052882664041,24.8878928406833,17.7204524633805,-21.3563317349135,-6.14412117949773
-8.24983323573629,-5.60755805869831,-12.7148857342291,6.20348294005276,5.85690898752229
13.3837400062602,5.32964412131367,0.25829965997524,8.39279261263776,-0.161121556629335
-39.5312294220226,-4.66385137203527,-5.7954542519435,1.48137146809715,-27.306143814842
16.9894965748116,1.27907053851735,10.9353430705662,11.7688454997747,-4.87228129457631
-18.2819334045233,-13.641800276172,-3.31250152702039,-7.63760010737006,7.31526181877197
19.8650870059981,4.24042714353972,-1.9163618709028,24.3030736413586,-4.79250057493278
-14.5894211255055,114.292039173076,-23.8411978760454,11.8490294159537,-6.91490740874983
8.18189332434498,101.830333758809,5.57651951259122,-1.81172892107007,13.1407324428143
-12.8506541980043,97.8963790979584,-4.8591884430242,-2.68821845443419,-2.45324482314335
-7.87907122946943,78.0359926925824,9.89827996886037,1.99219011797319,-5.4192805937148
10.1431889377379,91.92791065537,2.46517927136543,12.017575225477,6.48213819889992
3.0009457260661,97.8623932956859,-0.192763126441094,12.7661772150078,-0.931995678779167
-14.7197129101936,125.170874028565,-9.73866551258938,-11.7048831720968,-6.858786016522
18.0554920831252,109.881915036599,8.9793523863944,0.931253939883636,-6.23020417570996
-3.25469743350609,90.6879489816141,-7.65859032635012,8.71173482906275,1.77936388736704
-11.3584729927404,118.795457442365,-22.5671328965532,10.8250703387961,-7.61128958463547
-14.8682010899748,71.8912268006098,-4.54332295959162,12.1659812954034,3.58434854740679
-21.8761913770586,87.4779109645137,-23.0207239324467,-10.6206618321249,-0.175128743462009
41.5085462261659,96.6064260424673,20.9983460705192,9.92525594754955,-1.97831092294379
-7.49444377918661,105.713776890803,-1.08437822208581,-15.6138202865586,0.782280624074544
12.1927008212893,93.9010503317858,-2.06487702737619,13.1207290073724,-1.8638842516965
11.4463996436413,107.576049758914,-2.53492956307607,8.27461248049372,-0.928507774566783
-7.88413829372509,109.097047209544,-2.5259742045628,-13.916993987064,1.36463982093559
18.139287958256,86.6020742460651,18.4153361816771,8.85028477280784,9.39277484239758
-6.89047346564964,89.6432260788665,-6.47563418745743,13.4626507834864,-3.25510132322115
-25.9622482688754,113.587123604864,6.49732644346033,-20.9524921546945,-15.2171514603353
-42.082294806332,90.0758624664563,-10.837687312864,-21.713457542103,-9.67333318926289
-28.6598390061511,104.334488766096,-11.5072029365944,-22.5077048173576,4.81222084721715
14.6814661834041,102.132170226846,-28.6284394118432,23.185653243077,15.1360904779713
-22.3281163381634,119.782389834379,-19.174602114527,-5.66372783717678,1.83836545919032
5.06800601911911,80.1382881134767,9.02777366132023,-0.0196146347007504,-0.966321583182764
-34.7413579111348,66.2890842354934,-8.3019482642839,4.02771496016985,-14.600520087609
-13.2875423167011,100.786661058289,-10.302808057549,5.09879339971734,6.0148908510561
6.86136518463317,91.8527715785944,-3.23066073161587,15.167225991468,3.5225166503382
-24.4301650096802,100.078451611343,-0.135361362852246,-8.6872028187552,-4.80023123103101
-12.3990626251779,96.3155681180404,7.17479205456875,4.22939143807366,-12.9382803317313
-5.9300958727731,66.1807616756807,-1.45540310994514,13.1773944545675,-4.95427014800853
19.9057657563131,105.15935799658,-0.406117643403597,14.0988407571925,-2.92123074779109
-8.35096028870329,96.877501293078,12.0960244688811,-4.44166597395665,-16.59405884183
5.13323631255392,89.5656080428014,-2.02742136336346,-4.41757463861498,13.9398600446177
-20.0181786408414,102.954633339038,3.49205083253594,-9.27109212467827,-19.8442583838246
-15.3641222262592,92.077406410786,0.777277355077679,-8.8465021137871,2.87649241754442
12.6093307962038,82.4699657789121,3.79218285352856,-1.61361096107919,7.73940385494891
-24.8682730241429,115.180174706616,-11.2390204309254,-15.9668092723792,-0.583169501976663
8.63735206872127,117.109239855468,-2.16610243661915,4.26561348725579,3.47633388406786
25.4317695697328,116.498047848339,24.1787027173238,-10.2025014273195,-1.61205019052223
-19.8849454734173,95.8511278132537,2.76176865492822,-17.558956770011,0.185673840598953
-1.37745434821466,106.547226669464,-2.25449995547147,-3.71533294823113,-2.12798553240384
-39.7491960895458,89.3882700541291,-9.18380548759134,3.44297980346938,-26.9802657853684
-23.9911627854309,72.1762490018572,-23.8489167476969,7.13780408380499,-2.22168293887435
-20.1683455697889,81.9971467837142,-3.1964096234313,1.58915760426223,-9.33022096000613
-9.71683069350443,93.4111254744394,-0.296142802378559,-1.49355618905827,4.48678434185446
-14.7639813470403,121.597068247294,1.57676322959842,-14.8735201138973,2.55794875422869
0.593433295142519,107.355140540253,-12.6162679007486,12.7768871515685,2.88561179548826
25.92159408221,104.579705529156,2.17984227947893,1.16187342128532,9.49830785108066
20.988410396759,121.418674151068,-0.339518760081816,15.0714308494489,3.0862082237128
-7.41780685710371,112.415695363396,11.1668666661907,-7.26868824638629,-16.699794824228
11.2780233116396,84.9672391955007,16.3701116931865,15.2281573083399,-7.70285172417812
-2.71109637600456,111.943569144573,7.65611310654658,-0.0468953930707106,-2.25422614841902
2.48804067529509,125.22047090013,-5.45756502086882,8.643722918077,-8.59937724431101
-7.83909498747946,94.2120626203047,-6.94891718405933,10.8666960417382,-8.91115835181315
-37.6252710831153,113.046043090671,-8.5130163256768,13.4161586033452,-39.5529826552436
14.3882847283002,100.920047304374,17.8371040734126,7.38087999498496,-8.22320664870655
13.0291048113284,127.598362346022,4.94548179700627,-4.85720234124219,-4.27957634693806
7.16404850928076,117.645123662958,3.40174689895417,9.24157983641781,-10.693035132858
28.4593341709891,113.552946668686,3.21876007544448,11.2608459632797,11.2173127692493
0.554231749397711,95.6169912419328,5.31070079175715,10.4260259970432,-8.44652723527206
20.5492422838284,102.916114162538,-5.28113200106455,16.2924384362086,-1.8506285742454
15.1889158657327,121.181632814651,-1.87154737405775,8.8146148785211,-4.1479666276182
-12.5367643253686,95.9789101764675,-10.0476604783561,-2.73928955881245,3.90298698454466
-18.728375818887,89.1146404062294,0.324050300156533,-7.93994035451169,-10.404873712995
-17.5389267288875,83.4000611640549,-12.5680791471241,-2.23419901254218,-6.53729082977263
2.01623965750184,91.828667965894,-3.3037816720178,-0.986105736121237,15.4112263429139
22.6395376052638,107.755284096637,13.1911129170746,-6.16645207155923,11.8632269009574
-1.38429741764221,85.2203471123674,4.4886963235964,1.41860802039596,2.79020114405762
-21.7585582112725,111.374213510755,-15.9476147062269,-11.6669832683611,-6.40774597665022
39.7981259380307,113.730099417527,13.2468445632618,2.56151433329888,11.5383603265541
-9.420764318294,103.02285846022,-6.06326315219527,8.26248850828309,-2.06724642652576
-21.4173479122332,121.157568643741,-12.5125659720195,-8.55894626394483,-6.65696716266485
8.90645106279853,106.188734092289,-0.969748369930501,8.73182843834564,-1.25307707777759
-1.24792588385014,113.249416294855,-0.19095182821665,-11.7337234447292,10.4662339033979
-2.40369096037801,85.0581931817933,-3.59374275609564,5.94487531313058,6.72234685808059
0.983732797402276,107.880395235216,-7.87236778633676,-3.12797343133574,16.3041159983708
16.0608858857657,99.3456604452417,8.85673159887457,13.4564314478445,-10.1256598065209
-30.1506910259359,75.7983852422399,-3.06856822075422,-10.8567486482882,-9.85108200485977
23.2406636725034,94.4011150346882,10.8214227510291,6.90931138361433,13.5169303366663
-16.5709717784325,103.951826488463,-12.4032879042713,-1.86867892630331,6.31264658316642
-29.255382839647,72.4826378266187,-11.6260344194311,-3.82580921039838,10.5568957817034
2.74914043181904,99.9043980244885,0.434365610389945,-1.13316229862742,1.46703889661472
-29.0886355834195,79.3854694746399,-8.05306685887142,-16.3320076676089,5.08889479264294
-52.1048290882809,107.266653046647,-5.02112911947633,-13.4325023103898,-32.8091519868312
21.4167760032863,106.127548657252,9.68905879058215,0.166532142484697,18.7016741491928
11.7073544020339,87.610891297976,-15.9078741196995,9.26172514471546,11.0598695715029
33.4224697496211,114.996728093686,18.6562937728446,10.6160009624878,-10.0562186883039
-5.27725232423183,84.3275136130549,4.8761856995135,-2.5412850602145,3.81342327872093
-1.51831628277613,104.319055240884,-3.83259148514664,8.78613335598484,5.31362586624829
19.1275051313132,84.272779874851,7.14707235097928,-3.53178409810595,18.5396417789958
-15.958847142033,121.332841274273,-10.369298258567,-3.07194727875787,-12.8542621291168
-19.8381552855294,83.8968590141663,0.472602645869512,-7.24445204292218,3.07463327976768
-4.50104418559082,75.8238266773001,11.0595772996022,13.6804272029712,-11.3860800679131
12.5252346126905,115.599786094565,-5.8319935438923,11.3321119150024,4.53578192416681
11.7648648357287,111.123262575087,-4.61062244978861,1.60633919900851,12.4590111159611
-19.3622024609481,98.4426023439678,-11.0012445858763,-5.43046914367043,2.08055806030469
-25.9024271965509,92.6161269708973,-2.02841010540495,-24.2233382092896,11.7695345996519
-1.56946330916356,124.335739734222,5.28206078354581,-4.25985864850214,-17.0748791698612
1.75717265560152,103.842244898095,-18.3982076009877,10.2947337756478,4.62620320122153
-25.251061779871,95.4663917165588,-4.75944489688202,-10.9638747569428,-6.95343651081372
17.814968140685,108.313262116851,4.5019307853203,-1.21997418774045,9.2245525130216
-20.4129346629994,84.7263551693974,6.35466064782838,-3.16482910030096,-10.8529654300856
20.4085600067816,88.8340468045926,27.1459150186926,14.5704458271975,-1.92683823802526
10.9557710470643,85.3472859175539,-9.74696949185158,12.3556701501762,16.5456018317805
17.1621375765468,118.355397212665,-9.44528926757669,30.8323445633321,-3.23405012491337
8.61044912742804,104.429143131621,12.2006296366851,3.86611405477318,-5.33538438608919
3.06368347176814,92.3906278770927,-0.435502954145899,-9.38160074075866,4.0286509067465
-29.492617745173,97.6822282835749,3.67864078747131,-9.08144074063349,-25.7304627845561
0.15557482285296,104.428759715065,19.1076002888121,-8.61755823349179,-11.5049071515615
3.87096841414454,84.183710344685,-6.50960425680373,26.1284601456599,0.645654357410853
10.8479994246355,106.503216144849,9.90103192374863,0.643472992332819,-3.22227998046249
3.32369354045735,109.147973738311,0.248861900331523,-5.43456864721375,18.8037983352549
-2.23949789380392,111.737605652531,4.12040312762254,0.147970422197628,-3.36641793537038
-29.5750181120538,101.129594114421,2.66812929950114,-15.8928578245085,-19.1343705150343
-15.6425275408594,80.3924292924808,-5.63135755578212,-0.0810341140712062,9.98497772290628
-18.4140849845588,93.8542282570067,-6.29541950845147,-24.2087384742695,9.34552422576992
21.4790057997215,92.7464811041423,16.7552872263592,-0.365330236439202,9.70628258476003
-5.77580668740338,120.558888017377,11.6719613415234,-8.97241499274629,-9.63356434055438
1.89886895810063,102.27537040587,7.78390531873758,-8.11022033399172,-5.94468501914282
-57.8400879643242,102.225586101233,-29.684430116467,-12.5828723398849,-9.52497939642185
-40.4158348894385,107.69589673646,-19.9453783602545,8.62939227332587,-25.1303871089192
24.8573981069995,103.052787359415,-0.261847719942053,21.6495513309604,5.27357357837967
32.5877113729991,95.9915043876561,-9.80853989838631,12.7342199589708,32.0718763371632
-30.6281160481793,83.0638039355155,-25.7623866452873,-1.48773360272685,-2.17290086959972
-6.40639999678941,91.5769925111065,4.12154959771433,-8.01919704783186,11.8152710581665
24.2403925799769,104.749010870161,-8.40036954224946,20.701935163809,-3.39381792729236
-3.86823813379608,118.929955719801,-2.26283682342522,10.5722928441763,-13.7068789977563
-28.0763251338844,101.220549167324,-0.84649313166991,-15.6758196676731,-15.8630320837887
30.8281411675515,122.797356342873,2.71095933863877,7.94714587597352,11.6404812761183
-15.5374271295038,99.8672559778798,2.31404683046839,-11.9541924205958,6.59206114315778
-7.59580066725541,100.94151867297,-3.29067583545919,1.80692746361056,-0.612001497068505
16.6155786299675,119.219628875646,15.2881524480757,0.973178149641623,-4.73719291833412
-10.1025230215094,82.0182487010625,2.00803469681601,5.63426762771626,-5.31957552689996
26.25063812822,104.398041015901,13.6715535970271,4.49694902783216,0.751468538168446
4.57030132286746,110.246705789823,2.29006547381755,-3.79922680856585,-0.823327079597482
1.88552947496208,132.398930706204,-3.54652457319301,-6.15863264006284,3.82080196358459
-24.4590535981417,79.0264732371501,-0.754188566760713,-6.64552897568158,-4.08358118028569
-25.2179173994343,69.2443556849334,-4.23602593081937,-8.40203509721898,4.49157567466715
-19.8505225502601,112.828151136708,-9.99001087259279,2.74547430133226,-10.5831225378121
-14.1554232618778,102.986679500122,-4.14984046808983,-3.40386459376316,1.04466541184711
-19.6015006840665,123.401143153752,-20.8059692680026,6.27915658013784,-4.62562059479895
-8.14702682991222,90.524994423391,-17.7467563698073,-0.675270739755986,6.5380495397369
-35.6096981233897,74.3865550746367,1.87888375697348,-13.6529508926081,-7.07992742483022
23.2192711317748,119.512049751847,3.66522620461199,15.6592982593552,-0.259848481045547
-32.8028102684724,101.859447910603,-20.6966501948902,-12.6918145365616,9.13091267703946
-5.84891681784704,95.6183851471568,-3.00798674391326,-2.11164001006026,6.02409035138833
11.2897735881338,119.813275232744,11.6835747350356,6.14897708080755,-8.22991523327733
20.2020179385831,109.100709813459,3.44743425965169,2.49503405416775,7.11500750466359
15.56677401452,99.0511249121448,8.10127855823121,-0.343382320563446,2.24013180003322
10.1112721460231,101.009027741158,4.76136387979341,-4.36013129521394,5.54616785578825
-1.7634182704937,109.821199657025,-21.0496702031578,-4.85547957053709,8.73320217466921
-24.6236055230432,83.8733527909396,-5.41675075785501,-17.7494746779242,-5.23638616001036
-15.0306620033373,114.441917540637,-8.4234046510143,-15.1384949998045,5.47837380386511
-7.42355283374846,86.0891635081763,-4.47224174440044,13.9390079229366,-20.2046816495948
-14.5748742595386,90.1451223939352,4.12128267880445,2.16808036930422,-14.3709039580977
22.7339058045146,123.16814882348,-7.07831517165531,-1.69099654692538,4.28663962195791
9.90021118540023,97.7146668214393,5.8319383961113,-11.5095098093499,9.62514573965985
-17.4961536901191,91.7279788384303,-21.1210112068583,2.05778334417622,-0.630763602760471
17.8356018658704,139.458328505549,1.68149438661567,-1.34328476929009,-4.85712488856303
15.9126910299889,128.561424217229,14.9580217463294,1.33323275014153,-4.55958867561663
27.2031181861112,106.285984571058,4.03102429524029,2.73089253890494,16.7293819546444
-4.68301683555397,100.889485579597,-2.01274994862688,-3.54738546608755,-0.00374261359449721
11.9830190111694,98.9990061377391,15.2664329087414,14.996490827582,-7.77816415215046
-14.5127123358507,87.9357016981979,-11.1224585476706,-15.2829029908469,7.31773333406264
29.8116469063481,107.923607664114,8.5047492571596,-7.40825534635534,16.8322027318655
8.23370289414012,101.415649426115,-10.2439700942334,16.8852180923534,-10.3785259472582
18.1150699006195,85.9556782503465,1.6887174870267,13.0722970505886,14.061517024375
15.7683871378768,105.505507353316,0.454109334481471,2.33726726641412,11.5605082762734
12.63148574961,109.541520028442,-0.120280550556621,-7.80419286406806,12.9547768291678
-0.597921655767373,90.269432409844,7.70946606255624,-6.3387284340783,1.82165636459368
-16.6370326262772,74.1603825189535,-6.75335973842864,-4.52200294335714,12.3746512037094
-9.44222865324085,107.197565079352,-11.998072359878,-2.02011286268232,5.99946855971303
-22.6076211918994,90.3598452867658,-6.60800550673479,-7.979564139901,-5.66914956747364
-19.7896431013871,94.7082312211017,-6.34889902210853,-21.0988862808232,7.46625520296068
-11.6948578395051,94.9445122208335,16.7254056001943,-18.7117098086449,3.07667916402213
-38.6385907992936,73.1315443313286,-6.36453310100207,-9.13680275604388,-10.1652844435893
-5.06295879437332,99.7161872874973,0.770800284833432,2.61392338392733,-7.49046082972796
3.38783074592908,105.687118953133,6.1700153962086,-4.53047816193391,-5.30068658834931
16.3798992810135,107.607659407346,0.550040219879379,2.74713481634639,-4.33376707789466
18.4005904782553,94.4777126973364,21.8773931269496,2.40328060232799,1.10010518935014
6.18246841327564,111.091512258773,-9.05970218563577,10.9275880305246,4.34306948908137
17.7589214274511,92.9545068891363,1.61821237732876,-6.47036126614267,20.6984742884946
14.7038104584049,85.028434316216,18.478855399915,1.87153928942231,-5.03363249284733
-22.1311941021237,89.5026790065875,-16.1543892858669,7.73726510829702,-12.9806898974672
28.3727151129377,103.36004203826,14.8683355476686,-0.704795224895976,6.80881043999758
21.1976282769347,89.817960255254,6.48542496837985,9.99625728521747,9.76700452241179
-17.2987933588103,86.2891547405816,-1.28453831648889,6.79182889765237,0.739032643228913
38.0689419053031,121.978376253077,4.18979933639972,2.92795962207061,2.7580088200973
-46.3111652448406,70.8558720565869,-17.4261132333945,-9.666211393022,1.97215889615542
-28.7851621530227,81.5054693250697,-8.92864143908869,-2.89477528396677,0.789013872189703
-6.32053916770831,91.3580147841841,5.96969160331848,-8.51012266653253,-7.87885343163323
-39.3473877839181,90.7914034425394,-17.6878304885611,-8.02241803348294,-6.84198909622463
35.8020539661836,112.688783746086,15.2067295724523,5.57100046234276,-1.21578587424229
5.45546686787414,98.2853273628904,6.9342004302973,-3.09535507149256,-1.37466132252172
-9.51155639360006,119.133676994174,-14.5470350982445,6.72625319373993,-1.57476086173647
23.0235839897262,111.132892698734,15.9081989939823,3.59065010415028,3.84137288885905
-15.4829468991935,90.706989316988,5.25125161380624,-1.92428545983924,-7.81204844223312
41.6808332344171,108.893857594284,5.74251985789609,17.5426743496841,-3.3036203726274
-21.4016857525957,64.3425337746501,8.4639493167428,-7.43701453711573,-1.11012637355257
-17.9108990208089,112.022876403743,6.10255782182339,-3.97422697843017,-19.5598750642376
-0.0963320805511072,124.078075302952,-10.9004555178945,11.8562984418352,-11.7771558082417
3.03022861074575,72.4205150376077,14.6838870683013,-8.6082178229015,8.48913391236669
-29.1491323803812,107.19606966434,-25.0475430901034,-7.60064499050567,5.76388901835243
-10.6759968553901,116.540576076001,-0.168321770023575,-8.43218632401909,-11.5628754591733
-1.81303992943567,106.242759429584,-0.483354757999708,3.0665395022009,-6.20334120268576
11.9635922669466,107.80141192692,-12.2628501895347,13.6345083300879,7.76266546643782
5.62801274421879,101.809650110985,1.65984058286472,7.66366603412715,-5.62665251260495
36.6874373997429,111.758365179099,11.0670559875374,8.68118088784587,8.63170868552016
-31.9542052711096,99.9452736864534,-10.5052782586309,-1.92509157095809,-8.43045043059595
-3.32959666153787,95.7698616883623,15.3794149084888,-11.1584540029428,6.39137779806538
17.6140410241685,94.2550825413792,12.8996738026141,-2.3520832042724,20.6428562939148
-13.4553030823776,93.1933648149459,-0.200345510591073,-6.62409033441384,1.28356985257303
-6.17900416627421,94.4877607893801,2.68192473197016,6.03815883195509,-15.0054594418918
-63.19068493236,90.6205532817364,-26.0847732437626,-6.68719166765545,-29.5732748535238
8.09257130582763,97.9824635076905,10.0372939340289,-13.1655394629675,8.02960462337054
-35.0795260954859,86.2496015950001,-5.16911669447868,-11.5737752725094,-10.8823813879371
-42.0790682730368,87.5925558769006,-23.5316592315153,-16.7004066636021,-2.53837190170577
-1.47045310734023,118.163506502596,17.6689864740329,-8.13945218831436,-7.54063760059493
31.8029952147231,111.584534488798,18.9420990059585,1.82665718437136,1.21142835840517
0.319553168212457,81.2814421552048,15.5267776449404,-11.8953408731898,16.1190860402116
-15.683755470357,76.7597699406779,3.21513364645486,4.31680252069827,-3.47249260299965
1.31256335067379,112.342515095236,0.541820944682348,-2.75488333373358,4.07764661011709
-24.0502435153333,121.131237730099,-5.52533247689905,-2.49163497216659,-16.8177461647093
-42.3702082075262,99.8513231209128,-27.1956187994613,-3.00464513683533,-8.9395180163725
-0.993809013747548,79.8572783891225,9.23202800122981,4.03174063305122,-6.99122283421764
11.4655978813149,95.9523785976936,1.33339586771899,9.48265519535001,-4.88558155840424
-9.2783462039923,116.155748160996,-14.0675600700793,-20.2366584604892,8.02553821128229
-8.00341940154012,83.4774960174559,4.16496884872483,-6.72390319693466,4.92671443447704
24.987854175195,98.0682684805529,6.5588330317393,4.18846503371225,14.7924153516106
-4.80700674311664,67.5074866290526,-0.919585202612166,-3.52944367655297,17.3298902826957
11.2917032421094,115.599197231801,-9.55040615300495,14.4760252535324,-0.274848213732658
0.126242395038881,74.5656999303821,6.45681130466507,-3.56811107273938,8.94751359657127
-3.6545026544253,100.981140216846,-7.14052315704739,0.478785359915154,-1.44242927049374
-16.5043424347234,83.635440031397,6.7371487186589,-5.4062810748159,-9.85964273671416
12.5478111014888,109.761612553907,12.8645769779176,-15.762335807934,-0.145121718275004
-7.79055822921655,97.2379320989624,-6.57620462578136,-9.78522227709832,12.0363404724074
-0.622776888279838,115.277340279063,5.37025699239904,8.67869742919972,-17.6382768168352
-37.45336308384,62.3518137454752,-14.2501623748214,2.15552741494136,-0.0465722738568035
39.339927251804,87.2217401874168,23.6797806677905,18.5236667394417,-2.44826452138335
32.2681828124958,108.825825143874,9.97769350547165,0.128737909338578,21.9444258762305
19.1269490446668,100.884480596178,17.6949667769748,-6.22388187259961,0.804100502710439
6.05188160083661,87.5310625739057,-0.0820053591568207,-3.85093202851627,24.2977926675969
41.2655160514887,114.020460494939,14.4657903261003,0.255463639785619,15.6629527769319
8.96135000868989,105.284617891891,-10.9228527611044,0.87020981907548,18.1972688225549
-41.8630808315861,94.0769185442967,-14.3972757205377,1.18388023322728,-20.8127894920622
5.78573654340599,100.764019638482,0.666790499962191,8.48349735716959,6.96900550457252
17.9722751686142,123.185581090241,9.3038433600556,0.222257482619088,-1.91212389634894
-13.5949721694615,116.879272242257,-0.932430689626153,-5.75811308634271,-6.71198908886202
36.9832749414021,96.3681250467951,10.6675443041647,10.8047456970708,13.4917659527748
-11.0252313773971,77.2615439856478,-4.44462200829403,9.96689246263645,1.13886077482426
-15.3217556140879,79.5138422320616,3.4652588784835,5.3904372524965,-3.43878575344576
10.6127498673146,108.016415156838,4.3836241359006,-3.665715930642,-0.121387791248681
4.89044547985066,115.683588285452,9.36504519067661,0.676415267923654,-22.2796661330805
-23.9115877917571,103.272916438789,-8.13306171930734,9.40715886007692,-17.529204787147
-9.09468019601917,80.6966011888375,-18.0014397383937,4.8100517257646,10.9233376377779
8.98425414601466,91.4367948675219,-3.34359600949184,4.83628088098869,7.78990885796234
-18.9031546694689,91.5304909395547,5.32037141761775,4.19214808192422,-9.2499825452161
8.37074295412002,97.6545458053713,-5.15456307675684,-0.471613816811003,13.9679954673796
-3.02184790406692,67.7743137104807,-1.71905711532148,12.8353925271076,2.111779924713
-4.63035531179847,108.43503537841,-3.69243203803216,-13.0538962029801,8.13650301196185
-17.5514320216078,67.9176734208591,3.37955565000192,-10.8472143590482,-2.13894432464975
4.96170321050411,91.8951672362213,-11.3800354726153,15.1333061194338,8.62811633542654
2.04609750312535,122.687111023462,1.9176666450463,6.84791023387758,-18.897493752261
2.28955105910724,97.0491886334497,-7.44882763925211,-6.49300832697708,19.9459545236095
20.6158295704981,105.663950773303,-5.88804669999688,11.0312717945717,9.1392424968994
-12.7850724031048,103.166602292509,-5.7728693134552,-1.95419262827904,3.58758817165515
-15.2438032891623,86.1625564113401,-0.870599643870968,-4.92153821225186,-8.41017302399949
10.0613040242194,104.160899957281,3.48980677146647,12.1691302224074,5.24691266700475
-3.44361962626026,99.4181495823982,-19.6330631828692,-2.3409152416693,5.4326208889809
20.8775051222739,110.701134573315,-8.29243678857768,14.7680512243125,10.5080486370435
-2.41488416718555,104.199450826121,11.81148936929,-3.84106462917504,-8.57978858777608
14.3736669165112,108.092543820357,18.3107061313869,21.9547697384172,-9.75110361497762
8.70449377280729,92.6148477508618,11.1429269293119,10.282823349087,-20.1580051277794
6.98316675682916,83.0761170620549,8.56878368888399,2.83232196693684,-1.37611540093968
-10.77137810412,105.049514652705,-2.16688441649452,-14.0929531176814,4.15747011545355
13.7288285547158,105.435695550626,3.62267440400787,9.08191799539188,-2.30713217725894
-10.5242616179375,102.98225679217,-6.9561178741617,-7.37230261164849,9.02007017248235
5.69672273342786,94.9799488654325,-2.57824117606155,5.46435148574487,9.99614413453703
-20.6911702693936,95.9579699397581,7.17459123617047,-8.53203004135575,-2.33749573049515
6.359341555408,77.6714872988285,0.872809461864879,15.485851075689,-4.77300533773714
-16.7507075551556,73.8461458120138,-4.59770154736069,-7.27829715788008,10.3443092685405
25.3717089345253,132.421643946963,4.71238286181084,0.855099481382923,1.50549043450968
37.4139370785918,102.00095289469,13.4575804109597,18.7447834546951,-1.20883836099052
-48.2182143806613,120.548795144908,-7.62264688229567,-27.6761797488052,-9.3147841908196
-6.19485760252707,91.1921512231181,8.64065776523536,-7.25587079012497,-1.73555118643548
-2.09480589875203,127.770915077753,2.51844911676531,-14.042493246835,-2.66662748115174
-3.02225320970141,122.722441268789,8.9771743108846,-1.5323893273944,-11.9712412797496
-5.44912064998739,76.0193197027086,-2.98381060316716,8.51499634539097,2.12880607321522
34.8303789276558,111.8332683104,10.8392092482725,4.08604414240054,3.71394295927156
-6.91010030379891,95.5982675339393,5.18678930812487,-6.26881908054718,-5.79004299026117
-3.01435048375096,91.3952209923276,8.08525361572175,-0.91931861674372,-6.96240161593661
11.0425668004739,120.550971749537,1.19770925058513,12.5060493759073,-8.07827457234104
-8.46869825472197,117.446452385261,17.256584175992,-22.0904702596311,-8.47235984922433
-0.778011413356776,114.951530736105,-8.33308676322409,-0.762412443239414,10.5146779382012
-41.0406602787384,79.8446424098708,-3.05849360066883,5.97855123372413,-21.9680279162156
11.3512356123766,98.7322042167457,-7.51711078007042,7.61617130960205,0.0158950134639974
-28.0253301712973,68.398567989946,-4.16218697016807,-12.0910162533433,1.9138226173551
11.171272449963,99.4583150879963,9.7158641033498,1.96517757267071,-1.81772743041811
23.7595572404712,98.6984217877445,0.562342135319944,11.8788823420231,6.81822584299348
9.22197369220511,124.279296405922,6.98562638073502,-2.01637877613647,-2.30519940672742
18.6141839511212,128.319557945859,7.46296781767961,6.47148884116749,-2.27127903558561
-5.0122480473449,106.563917224719,-2.93313263657507,9.05062198824165,-11.0563883750378
-11.2167896653054,104.803720708034,-7.17339743388468,-7.92997721667763,3.61330883641857
32.7214366890446,121.323905803966,14.305969033776,12.2207134172398,-2.82085414396035
-24.3824048928182,107.159921609094,-7.74041952481898,-9.81171654102943,-8.83761266144541
16.5614813599158,116.417541688743,-4.84880984397875,4.59013403471537,6.65792556910745
-6.21234896520507,93.7113691590796,-1.36819843742448,-9.89819658227104,3.76002730949388
-22.2140088691411,87.5656697033188,-4.68884855695596,0.515363582961865,-12.0074749891957
-11.8149858302552,92.1198669760265,-6.27491797419789,-2.71670615332332,-1.32082363107891
24.645583900644,92.8190039003331,6.23733533030031,11.9774285369836,2.60660204309033
-8.71552186429973,98.4033384406593,-9.65717710908105,16.818712652972,-16.4198746317797
21.2740819063614,126.608341824864,-7.42356307203446,18.5280320788231,-2.67295737712488
9.78930458094679,108.780185618724,-13.1841726500214,3.85166336366041,9.51779563023869
-58.1064647898152,90.9381566614912,-15.2050130090987,-14.6515474992829,-19.4821974945984
-11.8832994757131,76.4209432623268,6.78300531684543,-4.00285695150243,4.10782249397769
4.41040282729212,110.970856466347,4.0886242312351,-3.91878316452945,1.87897239715374
9.79901521084972,111.565238364012,-1.58862354476059,1.06562345406295,-4.79621209433274
2.30498397492135,117.528078320068,0.93913172555734,3.55821049980369,-8.76824764121284
11.5423836456378,100.468289336288,12.1935583478672,11.4001605548713,-3.85640821438866
-7.09650047870832,90.1222684454981,18.6262558699525,-21.8503805752669,1.10144597873797
-17.6879476135572,94.4781381872769,3.58145140822774,1.40289833807811,-16.4551607053132
-16.7024574460193,85.5995398067419,9.92017130598844,-1.67629519823217,-13.5316512674422
1.77475898435461,99.5233322671098,1.95701328335661,0.217536992493827,5.71311615174469
-12.2694763994272,92.8192984998854,-6.15368858240611,-3.00021414310788,9.99733482303627
-19.8284366634974,82.1801060796151,14.9679084912094,-15.7142206770714,0.661632457738732
-16.9210412462021,101.976811830817,11.9837318413489,-13.6503210516338,-10.4858777349501
29.2234974497931,100.28046817795,17.0193148316387,-3.72047310087603,15.7388776097949
-17.4843052130327,100.860008286583,-2.20437023368188,-12.8748639845293,-6.15349221001923
-10.4861766864212,86.3001455723394,1.60808721443085,-6.97485240676663,10.5241728871969
-6.26919445218263,96.1985898653734,11.1361590786071,-10.2058456293283,-1.03394517707534
18.5640650312419,89.7737189048651,-7.51419802484531,20.6267099854126,1.64173878308281
-18.9600240025337,82.8760785334631,-8.26623499971084,-7.74624949223424,6.18485496113213
-1.68339580784977,69.1867614346591,-7.76172765822507,13.4110053984598,5.30736639571427
10.6923708125001,99.4966295345791,16.2677761314241,8.08871924223771,-11.3464792913318
-9.8578291522426,92.6406365821197,-6.34593377432592,0.967723873831613,-0.629222194841561
14.7520262787265,114.929289434379,-4.34062535699983,16.1259621463015,-8.398467867228
-4.29366132229126,116.296983238711,-10.8082091314886,-4.80820742204176,5.82777170173383
35.2803373640635,101.593502392127,3.80506963048948,35.3474788021062,-6.31180826753228
-37.5251482911888,113.264239836701,-19.8401387915957,0.0491710886956834,-12.6300076339807
14.6954848301645,116.567118436578,-1.38306484671421,7.20121803077752,1.61282904895302
4.50406561430304,105.479827631696,16.617427748756,-2.5343485063826,-8.58447268416669
-11.2897825217588,97.7018019178532,10.1863644950376,-13.8318876490371,-0.285758854637449
-16.2437825069006,94.985400611337,15.3502125906417,-10.6304457113766,-12.3885853418102
20.2322632008731,128.872522928458,-1.45659965900998,0.00325149886874126,4.72351871436437
11.6473200397379,94.1448578190551,8.44400637259218,16.8513205637201,-1.38816288884269
-21.5970531012219,111.917721657547,-12.4404467039371,-0.169215290042266,-10.2064405803221
-10.8177103227654,80.3521690494551,-4.71229779173125,5.01239454202624,15.6618692621356
-12.3859093160896,95.9926716784327,20.4664007347473,-5.07503940779036,-9.59597224131647
-26.9263304016757,94.1934949101924,-8.68774408859425,-3.84449584000702,-6.43819428247648
15.3871580070598,79.7342974230625,-0.142974429194884,8.72135519243117,9.78398124528017
-18.6589589454073,82.7775463810949,0.0314738551889733,-2.45844382921735,-11.987414243591
15.7496360294891,108.176050290728,-6.66802127018412,15.1463178569407,0.319266129531695
30.3741720820765,110.8464874725,9.8265254482101,17.71791180652,-9.70601724832972
-22.5390625640272,107.853335127666,-13.2213734218155,8.20159647914739,-10.1721423398683
-17.7287529941761,110.482708678117,3.24153905403182,-9.11365400987164,-15.916227258237
-15.5279462694048,100.180515056727,-12.0860768605707,-3.7883616875605,-0.628399443444472
-5.44077542236179,115.658621677128,-8.22537225982997,-3.58015494826842,1.65915835229615
-16.7783145516154,101.423816561733,0.9046738733551,-0.167265943458231,-8.64198449688468
3.87855636401349,84.3873169754682,0.529305732231166,-4.55353759158927,4.95696634338846
27.525133184486,101.396768768306,9.12456583154195,3.32406942996304,5.02152588617336
-18.9278958226193,101.558061428127,-19.8586143171231,-9.87385978361095,12.7661813814467
20.0029454660496,104.737857322363,-4.28986071700126,8.41292211167464,5.74453985123497
3.41981573597321,102.182174338269,-0.623942993906792,-3.27989850064691,8.92252458319248
21.2750287954663,86.459013889708,12.3760592553557,15.625375263127,2.9392724941474
-10.6621742222054,100.346270370596,6.31161962478152,-4.83401724504446,2.16092318028058
-13.4246273097727,112.983589818762,-0.324747334799053,2.96867676100474,-18.4154560595341
9.95702588454428,102.899903666888,3.1165460845017,7.24041451973053,9.11217703400286
18.3916168019421,112.881710947833,1.34274398014877,13.5672928967459,-4.27940691041749
8.947882474426,97.9501679689652,-1.9281595473521,9.23156614773769,0.418852065776544
14.2633734594917,108.560403848927,-1.18622362722711,-1.64429272620098,19.8143745180244
14.1798186264674,99.6907956868276,8.12387940783758,6.16336494889787,8.66093585604374
8.31539208965955,97.6768408959672,1.34576447704932,18.1771227289389,-1.36329340074572
21.5066428822123,121.384746736363,-3.76801222527613,5.3712829981152,12.1658622886787
-37.3766890833099,100.87588747633,-1.19036055142217,-10.0230677345257,-28.0641249487963
-19.3640775511864,105.28834176444,-1.18586401513167,-7.26497764715613,-7.87939295724312
-10.0599887236196,81.330834282474,-3.20561605492262,3.94399857381559,-3.3484480176321
-29.5213552262824,99.8849108199835,-9.65057111204333,-25.912652899845,13.0442714675591
-29.5057580121766,127.214209801812,-14.342939494906,-0.838835656077315,-10.6505472884644
1.6360701402952,106.674674365485,-11.2110509676271,-0.784839695187238,0.857786098073865
-27.3468010753696,91.3035778285921,5.34277230980989,1.54090354197028,-3.42196546424543
-18.3968597049896,111.977495281036,-1.46781812900701,-4.56101868484171,-17.0081057381607
6.97897845119803,111.425912724384,0.875392108747826,16.5819991313252,-3.95583064233386
14.7897262029469,96.9363610688366,13.4460378646557,-1.2336532827776,8.5480347060373
-10.2322062865281,94.3743396053972,-1.8996175999342,7.55828566688271,-7.92002402373778
-6.54170435148559,90.9248747644629,-2.62454367286277,15.6085790397134,-12.9044216485789
11.1595771946629,82.6249497448536,12.7991984822367,-11.0076937887531,20.2221547281038
3.56805095756532,128.277215136746,0.55299987002677,-12.6887103393639,-7.71951927230641
-11.6888670823653,82.0732410505696,5.73453452693326,1.31567082078969,-5.50357264314968
14.9438845646787,99.8263676890661,-14.0549817297661,2.87018568322863,18.3209507328532
51.2065895807427,123.970830349627,12.1125904511487,-1.06971548210146,10.1829974711953
-1.81471068360171,107.717693386038,12.0039629120088,-4.58278815252339,-12.279973885077
-7.6576575807686,94.0114957524671,-1.7794346474921,-14.1666301477192,-5.39833015944349
40.3407600596103,105.37499759425,1.40406011512788,20.2519013819967,3.15271780149603
-7.49541303764156,104.916417747768,11.6562515760051,-14.3159823444357,-18.3512121228207
-0.912426520776216,133.797733055767,-9.13645502006022,-12.5876855744127,6.98256972410877
6.74427816706204,113.109427514442,-6.24155285303694,6.47804605174986,-4.0692220671925
-7.49205935930751,88.0262240716034,-8.89519461699082,8.27840964010772,-5.75878143495071
20.1198745332428,109.527953522178,6.7198228125261,9.86911512242188,5.00582891603331
-15.7904946160949,77.8626200642966,9.34668607418945,-10.1060025775407,-4.02015052086575
-21.8640734759072,115.692924450181,0.260883835260174,-19.9877390436423,-2.27311829952772
-12.4150383975525,110.063423514749,9.76782605546404,-19.964715587294,-11.326513798155
2.13562294064057,82.957080114896,0.262434827352809,2.31144489221191,6.30670167900089
-12.9060681213143,109.598201600828,-5.09712524597184,-12.7727131312098,-2.25687468939915
7.4786685457814,112.336326538722,-5.82409886485548,19.7331120426282,-18.3812686144726
2.33568959302905,91.5220280844007,3.16656695029763,-8.82841907921365,10.8887180343158
-52.9030867763632,84.9677757551088,-22.6627163558505,-4.10464922042236,-22.2608574353892
11.926293154643,112.966628259182,8.89009099371598,-6.67064338983353,2.32441556770369
20.647538843049,102.422534384246,6.86884709122755,4.2847962444709,8.92391929631366
-5.05991056617446,114.244267280906,-1.84793052769014,-4.10055204132673,-9.12095933998864
10.5289887356685,87.6841922401904,14.2572500446231,-5.67869241959428,9.38783493513536
3.27195007501362,114.336103419026,14.2982318674164,-21.1680642219722,1.24161863929096
-58.7022742930075,81.8687543143353,-10.5822110358809,-17.7396094459381,-19.4874755225526
-8.45923128135163,94.5490192355884,6.69613961029649,5.28267689984304,-9.8608025840268
27.5087992182361,102.007710097048,7.98005144994242,7.02361767432425,4.32180200718939
5.94137550688676,105.404557360537,8.71373296505672,0.323026016907448,2.60073111673134
-4.15769264678595,79.4267454046837,10.768275763988,-7.29605339021669,1.77740399966195
26.0690136616642,122.20921998368,16.7510508678706,-11.3940543771266,4.759940642999
-1.68611324471499,118.21406750822,6.31399909156302,-11.3361246839864,-0.257287233501129
11.557650033971,115.97103710935,12.7890450374774,16.7268887398004,-15.9983175373446
14.3483103503296,134.811109564311,9.44232055361833,-16.1177727208761,-2.42996432316867
-6.86878737813121,103.758938100146,-0.620495608990955,0.457144511089666,-15.4403154196563
40.4312507745952,114.047600059306,6.03988477010375,10.2199517079979,10.9853487918031
17.6669292753874,88.4355913274792,-0.895678479509434,3.22048121665401,10.3559637455622
-12.9133974054325,89.6211103712219,14.5147113394572,-19.9468689728449,2.48855115989863
19.3774041940624,90.5574925716757,9.48507007419176,2.90529449377527,-6.27625771160239
-3.93473858784099,106.728718598494,0.890176170371472,-7.45491218926248,-4.06162100439364
7.97814310429778,119.951318032314,-6.65757220161893,-2.09498469018513,7.02345305150563
-24.1953112940547,77.0940196544474,2.78380252714533,-3.39782735674992,-1.7425895173952
-35.8320021811267,100.296309885578,-11.0725892397633,-7.22100376118664,-7.13388828836894
-18.8881462573852,99.7513234927205,-7.40426083883556,-4.02475762300022,-5.29226182210819
-3.58397709900719,83.5332617846075,14.2891067696136,3.73885250370666,-6.3296762763867
46.1860527853721,118.17146414891,14.9841287793198,8.65522703475799,4.07057941647647
4.01004373383327,85.1002597275314,4.88471497593829,6.73636580337889,3.50352322085269
6.31920968305364,90.5988315398196,-5.07728196006448,6.60922550819247,4.81540442909277
34.0502619743325,126.617087385444,1.5738385172673,11.3442709179179,11.2794159829501
1.73286711302495,109.776322140613,2.91516326535559,-2.87810157588495,-3.0434117587216
46.4978294551014,73.5872142003203,21.7416217088655,12.491639302414,14.0957009635385
20.4800909987245,106.375010565718,20.5758884100768,-1.41852926748562,-3.84542126931017
-4.56118652965139,66.6701561267949,8.43560800898348,-0.0803488122774716,1.83303144182474
-31.5403028864712,101.671471041715,-12.9867618908643,-7.95293439783132,-4.60884786196695
6.15436613264542,88.3381623329546,10.6873056185964,7.79503681260612,7.30827673911118
-40.437482537522,109.215461968309,-13.8088434425625,-20.9715009776852,2.91215446657302
-14.828853949611,91.4451674566352,-10.3060581315769,-5.72668169734526,11.8770710287653
19.2151486522158,93.3855720186853,18.0984905794757,-0.198797836861326,18.538076924941
-2.86673194290906,111.370615873689,-13.7995192046005,8.53232438383224,-7.25508260132997
-31.6496968866047,88.7863213850586,-11.5507038954917,2.41717581825871,-7.33386508141431
34.9005238701721,130.497598665205,14.6616835516246,4.98574570821612,-4.31148652426821
-0.523441247828145,101.359078872719,1.83678717764528,0.127232189682816,-5.87044092836084
12.901853653396,114.668649931956,1.310429453113,-3.24016894027845,1.8335816141152
-42.4105965282012,115.233938257982,-31.4021386561891,-10.5353345912511,-12.8612634622397
19.0702718920376,112.887329694041,2.52959623727152,12.4647384396254,6.59580958767623
-21.9847260004892,107.804378110965,1.83979787478382,5.11408620048139,-20.6607421743398
-19.2616955517181,125.609113313523,-14.4218777740489,-2.91047551186961,-6.95087220187483
0.139228453408096,95.0354438530123,8.73594036278573,10.4174221847203,-15.7415608385486
-15.3799353263351,109.764257797656,-2.6761503839346,-4.4047561997982,-4.20892385981951
10.5812723448113,115.412336260172,2.93844021473119,-3.56635144034245,5.64545807704049
13.3464423482229,107.025335318053,5.02186535229633,2.47604757968609,1.82093329509242
-9.65421229089205,98.1970342395427,5.18310514338833,-15.1051805552187,-11.5687087356906
21.8521488356686,119.28568974344,21.6164156060271,10.2522336358702,-3.43005657760062
11.9084167175347,98.1035405803654,-3.6511855411983,3.79862309731667,6.45588240288374
0.869643517438364,102.220586734674,16.9613454368115,-16.9522609947754,-7.15015367679029
-24.7154147159381,80.8504455027776,0.549786331816984,-5.59581483725879,-1.33821217763902
-18.4417901718953,97.3224436424685,-6.40224413952687,-11.0242980606858,8.95446814783736
3.98102630437552,77.4104546841903,15.1763211971133,-2.41050061788788,3.35445469255389
-6.90476693992526,105.727425533178,0.162221015416533,4.51903488725937,-17.1345581331719
-12.6093811932654,103.205322371724,7.95957572508373,-16.4575694673423,4.42019413176196
5.40956551909288,101.856507307498,-1.44100288252214,-15.4920781341526,19.2148987267539
-21.2051251942402,92.8021261898551,3.57557333809849,-8.28076463490108,-11.4367172745471
4.93678922559269,97.7394754440803,4.22976770418792,1.18272554510966,0.758849744975906
-1.34254307351227,105.294219564854,-6.00743617307719,5.56992770777006,-4.73750746354244
-3.22876491240795,101.737866065899,5.61610598585981,14.8932440748269,-7.72265306094545
25.140250713657,87.0334787856525,7.43140805032192,13.8646174524555,17.5529060332732
-36.1082583200429,87.7414176987407,-3.40998823552171,-1.56785303261021,-15.6243698131572
-26.7407714000335,93.6903045304099,-9.40713857906089,-6.97551388684024,-9.23924764214831
-14.3732786067422,100.265301504819,0.655404563208028,-16.075849491,1.41596321790866
-6.49136182753434,100.147658381379,-2.83901929010169,-10.1768478132995,-10.3320477608546
20.6975853874658,100.14075826927,15.6198919961503,-4.07896562941513,8.55776923535973
-14.5773383827103,103.440622640568,-12.5867836576046,3.625665559419,-4.94861874756523
2.1009906883591,92.2129188417092,12.9015720440549,6.12146217614744,-10.5733836849639
-2.95552461003272,107.199404749931,-16.4348010712182,-3.78033196271534,17.7336174228684
-25.2090674059746,85.3632031629308,-4.07053234111752,-6.85161856206914,-13.6241590037772
13.6442161944284,92.4196571216067,11.3428053514134,9.59018352393846,0.812511810554035
-0.551245240725278,82.3641256988152,4.10995570157595,-3.04054763681935,-2.41857304208032
-13.6124376225095,116.64898088255,-11.5714528024237,0.966646856256963,1.29943861303256
20.033793112422,95.3329777251758,0.417188222412149,13.2855970575292,6.81798506884174
-3.76183137199169,85.1017280595268,9.37116080292716,0.00120634486684277,5.22503659969457
12.4267146101972,105.162227562765,9.78984926256146,9.9476466116609,-10.2954260770186
17.0910199416987,103.298039823322,-10.7627014504209,7.88735855183489,19.5248417570291
18.3591819659106,100.202399527814,5.68195852581801,4.93871441531955,-2.28370384683627
-6.95323821718158,96.4520350049224,-7.93889103427029,-3.78476278807856,3.07763291534108
5.77652576083272,119.516536784109,-2.40235084179699,5.95038463373912,-7.94574653689983
15.68633285756,97.0557178782866,10.1418791183338,1.61006672542467,8.2593192432216
-63.5855425653656,86.7028950176754,-5.68968799038101,-13.888802161248,-21.9824783841051
-4.68458518665842,103.041033449305,4.83606583915771,-2.93343550978804,-6.72241663262032
-22.1528658979844,107.694563480581,-16.4363084589603,-4.48493911918206,-3.4395003543517
-34.1465773149523,94.1916023506473,-17.3575703909783,3.14374276092649,-6.43116100389466
4.95712003056741,90.3336363382172,16.5985330445629,-2.72024645463051,-3.17742824537061
-0.0673584347689109,72.6331309151929,6.1052432861137,-0.598385030391891,7.53976112573812
-2.89600675624197,94.4543165133208,7.63216051727159,-5.8975217297372,-7.0444427067238
-0.808595554098499,104.8678415706,7.45855942308703,0.46258573386688,-5.33650176715556
3.68988317657856,108.528594507183,-0.721548923154219,1.12051562964508,6.56600278875674
-13.8026414758975,133.338774654094,-5.54526239220718,-5.33850909012867,-11.7910184448803
1.29464562405083,107.154543623653,-0.0736251932391906,3.90229294902408,-7.11219593657455
-9.42305703972319,105.591186017896,-0.660404370031852,0.503284666301519,-10.7203730123321
27.3469828607265,96.4343976311172,1.29220106111487,10.9829870599818,18.6188056644622
28.6357889547372,114.178624536255,4.54596225667913,15.0244048083746,6.96632509634337
6.47075801693001,86.3720863452942,9.26530940009728,2.11707671375751,6.46556468225352
2.85517915585287,93.9133828247717,0.960679445907494,-5.22788533310101,10.9581321287607
28.8098648007883,123.176737803024,-4.3638482417904,2.10460859049662,4.44845698893165
-18.8313895966147,109.289009329672,0.772786770378046,-5.50643000396606,-2.8856324486633
-10.7878678496502,86.0838984782283,-10.5260338325576,12.8516622784667,-12.8886219273237
14.1832244553054,108.090137135214,-1.92632444252842,4.49228032972226,4.33800621622867
11.7911819820027,115.480926608046,-4.49094626464525,-10.4679820812507,2.67674791611761
-19.9690083022549,99.4677009653754,8.11484886322876,-9.32448408286877,-4.7645415392723
14.6284851702857,112.388451768053,4.40553614807216,1.59320419123417,1.91927838237719
31.8109779560893,133.11606908432,2.28003294541816,12.7887411370046,2.18653947429832
-17.8047129365813,105.874777126413,0.319122246011116,-9.69498421863953,-14.3234465170892
-36.3912941493282,87.7709418678523,-12.2759998635436,0.508891525240092,-9.1386190135855
5.45454080569409,106.763207761432,0.901473500883533,-13.538785821446,0.937975474710513
18.3830912316603,131.213319087013,-6.80348979535692,-3.35163422147217,3.39254967702407
-35.7954311629382,67.4459369583295,-10.7969499576846,0.862720024816426,-10.5188159971397
-23.0987309620469,75.2011899958102,-2.86745849518848,-1.59198498129431,-6.00745683038947
-12.2685661469359,75.3980980563656,-3.18496128997209,7.83471126934236,1.22304500904318
14.7555424847935,114.062534428581,11.4831616606103,3.84092303088835,7.16387415957893
-4.46391226680241,119.946103421517,-4.67633648432739,0.619939835125406,-11.9610260853772
2.01552304342216,103.878727143467,4.4362764126955,2.08404257562708,-8.39704514150188
-4.98852032526153,100.629074124035,-3.6379351547553,-2.13272059325502,4.35138866485306
-25.8733225724623,118.587643811361,-18.2388400503097,-6.67889242647127,2.16615571643357
-38.1814956706746,67.2034670441064,-11.0609992010449,-6.67385801131124,-3.53576049722744
-27.6043356570064,85.3978951060785,-11.8727912574873,-3.81489377214301,-3.3677393672923
-9.8364082868481,86.9066402825995,-9.37230635402866,3.7827711014529,10.5420990850403
10.4801530414775,106.920864390156,6.25659206614408,4.31978711353674,-4.61759792896399
30.355105854414,113.727224536783,15.1098989979341,3.41593271130699,0.387674657944076
-24.0702562605959,114.154638345123,-3.96352405727011,-12.9262569595251,-17.11143245322
10.9997245149427,116.599040311256,2.41196533634219,9.90273268392103,-12.4095112492054
-15.1514443494765,96.5816373078315,-12.9830681851451,1.18169644739657,-1.93935493594623
14.2084276022356,105.710987025215,-12.8181166450258,3.98732655573046,15.3451537548221
-24.8467436657277,111.642975081319,-4.84870108059483,-2.0898245652231,-13.8163269784896
45.3556027538197,113.628800969042,16.5613250267748,16.3355797243961,-4.7550145070208
-29.5523061927404,104.681644057634,-5.59540254756208,-5.92614668677104,-7.6202262313667
-22.0875029223886,96.5019558227729,1.8142900639655,-13.1520395994222,-15.7939839004291
-22.1852152744936,81.6482198537154,-4.85106433776578,4.61447114352468,-16.995750099827
-4.40963404372774,110.689695804394,-10.4774182889249,0.877733770458996,4.41864280764818
-15.2904482648275,80.8026060003285,-15.2996733193691,11.78516017212,5.49978483833242
18.2145832627521,107.943782847012,3.61629408024512,20.313060808523,-9.51397513502692
7.10957851588537,113.786420282473,4.96314192128822,-1.81221221451879,3.71551140050128
-37.1038503074701,97.18546790007,-8.43520891571995,-8.76618470997668,-15.8246777779686
-24.1981761278777,85.1173204556832,-9.7070767653578,-11.306583612864,-3.80288792483716
-17.8978891845447,78.7508985496587,4.54818857523655,-2.46618166822134,0.345170491340152
-14.6487623777636,99.6756924296714,1.533859545497,-0.991079311027399,-21.965440788511
4.02543791219831,94.8093755359484,0.545357729047436,-5.24019926571377,17.4821252014585
37.5852810064804,124.969730727315,22.8538776807058,-4.54451729846957,6.51242250641464
1.83639320206163,104.050157695021,2.79488118540787,-4.31611170172842,5.24958287368507
0.387694301387721,98.1094219341821,2.27532572851582,6.88634969478334,-2.28370871600558
-2.87172121532181,102.8788529171,7.35257466470334,3.82350165237506,-2.81249305779127
3.98001595542146,93.6524131674674,-8.91761545609528,15.0268305424855,5.99793303505816
-16.2747841161071,103.919307634928,2.95028024535331,-8.86380374202693,-5.81416916173328
-19.4734754977849,121.293797083866,-12.9588299741218,-1.9054093304286,-13.0260067065177
-14.3479482432981,91.8600996452122,-3.34930956549968,-5.49217616162024,1.47360634058781
-21.2094930806341,103.823611635612,-9.60223250824382,-13.4977844984334,7.94476718623182
-36.3708595637794,76.7140127981762,-9.00409160098772,-9.06888306717495,-18.2158060233747
-14.6207359446342,100.571782936239,-16.1043776764859,10.3781401699197,-5.15021457193327
-11.4380672924567,88.4964349238336,-7.76048477745006,-1.38161065195965,-5.14253046556444
-11.9309853872709,67.9280247544442,0.294211796317394,-10.9796306198292,8.14434239797909
-5.6402816249904,101.632173273534,2.79287954384717,-3.50301267039398,-5.6220179437294
16.390260339941,92.800092955261,5.28376604509858,10.4543586732265,11.3272758703341
-19.5948205760687,103.348644611575,-1.65570976654557,-23.9441217408046,4.01958640978654
4.79369113265681,115.742270141289,4.60599175490197,-9.6364130886002,3.70220290150501
-55.724781676738,116.513319159138,-15.9057205185794,-34.6029631209876,-6.79600606962559
24.7892959717633,104.522752701599,18.3909316958335,3.62847343074527,-3.20856726265882
-7.12221072391007,85.8724329504882,-8.15942305856107,0.869969839551409,12.1769349340473
-5.26858990635972,104.864705694727,-2.83886759403895,-2.82523419695801,2.98815807097865
11.2379825385453,85.8549417380167,14.7830251272417,2.09429545462438,-2.45775642735483
4.62913933132167,85.1544932278774,4.75875862033682,10.2071109868242,5.72687155806496
2.99582212684845,92.3878230463671,6.34165829420876,-4.82220119024224,-0.678952630190061
-11.4908300007465,109.024325765558,-5.5200189282251,-6.46774101542298,-6.60522139530308
3.41160307575563,77.5421498027976,14.1890495721278,-5.56112803139876,0.22366997137
1.14805791317691,110.328605203903,6.52552060380895,9.3447359209296,-12.7461606758298
-31.1473012030972,90.6881222017761,-22.3606125440709,-12.8522223280386,12.4803910449525
-1.02117744396745,98.1870612270823,-3.94655668343597,2.69601751923323,1.2602523284065
-20.8368382588329,103.08438707794,7.41936954071052,-24.8774671225435,0.692152713712126
-20.3816757306555,117.232838200123,-15.8585210428177,4.20824845078317,-14.9186040537851
15.3767674050548,114.899059821675,-5.09357994000617,-3.43593956210088,15.4550942378322
24.3181276718997,114.973407317697,6.58345749879183,-6.9022966090548,13.9791619051605
-24.818167015262,98.2831366451288,6.31194164488761,-11.7662482319691,-14.2702673677794
-46.6094422936345,97.1752863747923,-21.0902860072225,-12.0323882794924,-7.31578976044184
-9.7773561148631,93.1728217514943,6.69265794840006,9.98815014235566,-12.9493132843982
-25.9295477166913,105.031098441519,-15.0455718357479,-3.54097495494469,-3.82757493866936
-14.8179255500744,100.581516071476,12.0815588244905,-12.6981385366504,-16.4538743337167
48.8598207257863,102.540141362387,14.6764630030946,7.43966573286255,15.1030957185911
12.4281965477495,121.267420687842,5.54297769925817,-10.9163884995658,5.83707709149405
-32.8280648983397,68.0989946574371,5.16846150241685,-18.1984459205528,5.2697340806993
41.437750440382,108.550529983253,18.8383325089387,10.0518630028802,13.8256720185589
10.6923169676607,104.821549566342,6.27897317140308,-3.65257039980112,13.9974700722293
4.84806205195052,109.256627835696,-5.54701543222538,-6.33127440278658,19.5878673775736
16.5654427365222,96.9597488085604,10.7607688822568,15.2324955343738,5.1478575742951
-11.1109960659336,97.5438275312185,-0.883119095944544,6.64994003031166,-13.2363926896791
25.5291220667327,109.400945585001,8.81342080521659,9.68114250309491,-1.42410856538018
10.4910236729187,71.4802882792126,0.17842234907578,11.2137060885106,7.85351849022056
-24.671135880782,109.428773177262,0.158271833157832,1.5215642378164,-10.6133373604172
-51.3434011940708,87.8135276113675,-9.42895468466328,-13.6286707398601,-19.2697924990057
-24.4358679448946,92.6127530015488,-13.9875124878564,10.7611050330846,-6.22806412856543
22.6757514891032,114.815786581353,7.86837671209902,6.10097802012633,-4.04693955596871
-5.6818256102689,98.752477099408,6.02396952397709,-5.77530498191654,-12.4004459461757
-8.52585716197599,64.9940776823967,1.13279098171757,-2.027533447488,1.64475021335909
-3.82033844836404,91.3965344875114,-7.17418181026593,14.9725553647779,-2.25583581084049
-13.1677331960205,100.501813617049,-10.4979460854875,-5.9901812820367,-4.17655869129972
-37.7341054627556,95.6027498756001,-8.6480233311627,-7.40699318626523,-14.5397468242561
23.6831111694661,112.275215055417,-0.876437444798507,11.7762679658823,7.84359539613885
14.7280139033691,83.2082691794913,4.85446052765828,26.3295271371445,0.179229498053271
-15.1345828720875,116.34375669515,-1.46252940525227,0.967511644108754,-6.82518935678774
5.6546543542039,98.919081054309,-2.92250044917549,7.51167999899789,-0.412956863695088
4.50112791396172,120.136941296852,-12.7553851973554,0.59047893486646,1.53248269030476
-9.93115034159615,111.220462355202,-4.14113492306964,-11.5597245644318,9.76787928496715
8.31622641871679,78.531464829928,18.9524768105677,-1.01072359650055,-0.73486461345053
22.6207285052399,126.768160777209,11.4443270016182,17.2991945032213,-10.8823498687364
-31.0262358542912,59.3902018973858,-10.33592948173,-2.13508045330503,-3.7664764482067
-7.81387755234347,74.5973771754279,-0.436474713458203,1.23305629360721,11.2596329172527
-12.4519945432153,107.098382996943,-1.67122312091072,-7.53365322840193,6.70279771911535
19.3745057009054,66.3663995006787,3.06486268762399,22.4239146470308,4.35279166491833
8.07582328419369,105.819352613757,3.18328736113681,15.1830933435849,-3.31815836464026
-7.03973074123095,116.436087964611,-8.79921547146158,-8.35213898810505,8.66339649931746
1.61382188376709,107.916401541436,10.2854808052383,6.37702813365972,-16.7362329046493
-21.7891280586209,103.555826694365,-9.57959926849561,-0.663815155019054,-11.9249019197305
33.5540478469678,128.80401349508,8.84379291638369,-5.21388342322066,9.32475408801944
15.0715283453694,109.124225736622,-15.182566009247,8.84624446450771,4.28635520923467
20.5209281591271,81.4692050959086,16.8790143320174,-0.257963972804341,10.407378230726
4.71279833080691,99.3301939896297,10.8653110297924,11.6581930853711,-16.3149905740754
3.66585939615478,81.5817438716444,4.34775776358295,-1.38296238760462,16.2609521909422
51.4036462099085,98.0649958109968,24.4493040257656,18.490653444381,7.71482538284598
-2.11893074617414,97.6595975723044,-7.25295760102562,-5.24978804120992,10.4754487125555
0.967470375937086,107.406345429664,-6.33870670359119,6.82703444754889,-4.82612728702652
-0.748726545061567,99.799227798547,-14.9493841991638,6.66225117120612,2.52154620260867
-39.4674612662212,56.5382664318882,6.26684382413617,-9.08437048642089,-13.6873935982927
-15.2352233423239,93.7279044393696,-2.55902890020095,-0.359365369318864,5.51926128684295
16.3376067064249,118.634878314537,-3.18002781841844,5.25559082462526,18.3142401262946
4.85036326551442,71.8239304380906,0.437911972666633,5.85727779130544,5.96434299779864
2.35107325413287,110.094913603514,0.988824779450218,4.1360391518304,0.0303270858697056
27.2899897707514,120.833117592669,-13.4728313449459,6.86834106604715,19.1445128006232
-6.45842129347377,80.9392385762266,8.77342989920579,-6.42701978581372,4.29380826161705
-9.17685786917885,101.096015635507,-1.39046760497561,1.68889113074812,-6.74168068504802
28.8283981080884,76.6214976689404,15.188022985733,17.9863727679697,6.11337336031628
49.134198409301,105.826811887843,7.05645794071561,3.82553537441892,15.691011294371
-1.15352807135479,85.0415715440721,1.55342653149396,-19.8714290984121,19.0967152252085
-28.5114087548716,81.6981222283744,-9.59003212035091,-7.74520136445528,-1.23583381550718
22.3627538812736,93.316025621274,13.6256248589418,-2.32895064130002,5.00054758064431
16.110774218157,90.777576958101,2.7940515313138,19.0490597548802,-4.03499410534413
1.67668022428087,96.8419426344279,13.3821391000533,-10.4568338700803,3.3865177845276
-30.4634623914107,90.8423564782745,-6.7788799047925,-23.9761441758917,4.56958349389528
-45.630733096669,80.9470010623689,-19.3153765572345,-3.43980044084346,-9.14060230903602
32.2455299087528,110.11794985934,10.9497858906191,-4.33813632230466,5.03226118484391
-9.23025346097566,118.045127601166,-26.3635856058758,20.6354794229365,-8.85252555974302
18.9349862990295,113.490738044046,1.01164746050807,12.5252121652539,-6.12018221099293
-14.0229076433663,125.736958331044,8.50823482574931,-13.5021810824578,-8.05614487615415
-10.4614279802094,105.10041913159,4.24839577029278,0.290604637731301,-18.6175744685334
-23.6737754397355,100.241058827996,-5.72065928074117,-0.53546327366371,-13.1380901008996
-22.671714790453,86.9360957264768,0.359509781937779,-7.13117153019286,-3.08363031926078
-39.6445404548443,70.5640472566323,9.72614025497104,-17.0310800598599,-8.44164642231242
-31.5605369394927,80.4993396265391,-6.7886671421784,-7.03241401629247,-10.49725214273
23.9803851841275,98.0168147962325,5.19308556972541,20.6151083856656,-1.72651161398818
-28.1407511499486,97.9014069281573,3.29414783366535,-2.52258676197072,-23.5910149388296
-13.9110573609638,88.849822893064,-1.11627423634744,-11.7487056561603,7.02130313764961
-14.3019909915057,73.2485623548393,11.0149229664051,-3.73880663400207,-8.4643719318846
9.65323994926165,85.410279257667,7.06339117364078,-5.22930622900892,15.1248370934797
20.1941382283397,97.9762204514348,-7.31033340675201,29.4954751316701,6.69098618280029
-4.6239445932881,111.657603172344,-10.7436003448775,-3.01291679922245,0.21829670885841
25.718794446914,106.330028124037,7.71475361706105,6.22531703306757,0.0282781408544916
-27.7624078607634,94.1395263687014,-12.1156354718601,-8.68498656213001,4.53745843779472
30.4314815626768,140.737592061527,7.03017718186373,6.54965120376793,-4.39368987135302
-32.0163856671947,95.9038005633448,-9.30733713778358,-8.82039372582092,-18.6002820261207
-18.5066846947483,104.498166223975,-16.7590740190396,10.3821360589065,-12.3770131609699
-11.8624427189204,103.918084916816,-3.59550242498835,-10.3149465586107,-2.88855405705999
-7.81083418551893,92.2186183874231,-0.425303698370789,-1.70759699253459,2.32188050293175
-24.2674780612542,87.5549006326836,-10.7891518086058,12.619881896793,-10.0732973983412
-44.8949791169021,81.5392306609729,-22.732422849219,6.25513383715686,-17.9177321824108
-5.39867957965657,87.068068357839,-4.1493775630268,-5.68871985782855,-3.64251134103756
20.0363334459694,103.964197072501,4.73455599128873,4.55918335136352,11.0934267072298
39.6099285333658,106.900919044965,7.82533780910821,25.149660105352,5.60204244557149
6.67568950955407,98.3908361603808,11.8684368027735,-8.60854713788476,12.7374122339034
-5.58436511676105,69.3117615017798,-0.310535508441123,9.56231513358482,11.2548784565788
0.105435187991447,139.50427517657,-10.9240796505993,-2.97314355096744,-9.94237511818221
-2.77279884880368,103.714792259305,6.86407458060153,8.43860328638432,-13.7481440700747
-15.4527531033535,89.2794008316674,-0.972336998387367,-3.68549349218902,-4.93927877753944
1.34450231984343,87.4122628637571,2.82276059751623,-6.75389243459747,11.8997851472582
-5.72800924490717,101.357135191987,-20.8593635700029,13.0305143787498,4.08027807636987
-33.7941443701833,112.504827535244,-20.1213148782944,2.88956959814892,-20.4064690740884
27.9588680625411,110.330767082779,3.0765627086691,2.36716897988233,-3.5701154385451
-25.9411669319143,95.8463514650312,-27.7793242221891,-3.10805372711059,3.78186359666232
2.30901007154677,91.7717269703263,6.90400418064436,-2.18497153975966,2.73856156453917
22.3825358055631,114.895336521777,21.693065958739,-12.0767733621776,11.7355634285614
18.930342643227,115.6748707549,3.97990491252925,7.01728998213369,3.97686543697819
0.677779002554491,111.473627348319,4.53213370165556,-5.78795277808622,-3.07272009419928
-11.8350437679162,89.7182899535935,5.29811125761764,2.39288566851791,-0.784115980904027
15.3646944054413,118.836455391077,8.15023744105807,-10.7858130850865,-12.6645810394499
-63.5279169650152,77.2564053103925,-12.7337156642594,-17.4929127795066,-17.7622213782561
27.6389217320158,100.531383557869,-0.482520818475323,13.7447963814986,2.40155365103979
-4.04405974536025,87.5111390824182,4.16340329258964,5.86537507237594,0.162380023740622
-18.945148484326,63.4374308338986,-5.46236838183856,14.3278081232462,2.8746258333476
30.6424742947147,108.399145185676,6.83856560544721,21.1551607747976,-14.529502974693
-16.8730354815895,74.8696324397247,-0.339761471970706,8.35615054693157,-0.746392023698178
18.7988602062117,116.351415037107,0.259668450397818,-9.90578036591062,3.66203451118554
-10.1158453705881,74.9106058436566,-4.80881660816816,1.20839561337877,3.50770972804825
1.1187762556962,108.257504569734,-4.56975534902859,1.89889592956868,-3.90933035890404
-17.1837869700266,101.779770843057,-7.37706548203054,-19.864386566717,8.49607592885866
-7.57086915544852,102.735328339234,-4.12205483279293,5.00687774014558,-3.41681178037457
16.7086494060285,108.427919788967,2.80922480275811,-2.46247175804764,19.2457323363063
-23.0134231710614,92.2972438223926,2.62312836739984,-6.12789412985904,-5.85641173881419
-19.8049045131005,110.913080657984,-11.6828061611677,-3.78317198293997,-6.07752388600329
7.22685853676456,116.593812166088,7.96838438293896,-10.3589787467795,3.73248688722898
19.6428292815603,102.976818492547,4.5748373227982,-1.29074685370026,12.9232721429745
-51.1793647664746,78.4134603484429,-10.7382706262936,0.738241763361017,-29.8630230051314
-17.2744858167231,103.128915748302,-5.8647605112255,2.02610052938556,-11.4814067860836
38.8489046074026,110.10173721065,1.03756345665826,19.4251358342155,8.00503148468075
-3.7945701585418,116.695681860314,12.4493385453753,-9.7466352696252,-4.69602230595141
-37.8731995706099,113.216243260533,-9.26781166630772,-4.96716363591558,-16.3351736610894
-19.4705861857503,89.281103998968,0.169503360332049,-6.9887110176718,-1.7097289585175
-0.301471628954874,137.696127627778,1.48610618818795,-2.75922709938626,-2.35061980265396
-8.41429520561418,103.44153599799,12.676777148935,-15.0081860400743,-11.8571333842408
-25.3018044179785,108.181988385284,-1.09955026983734,-9.1647895964735,-11.1901751442613
20.7154397400266,114.245672477287,0.186293314943863,1.31166170468926,3.68336625067406
-30.4692104072363,99.7646643443493,10.2673877311969,-27.8452615901593,-5.54025489660163
-7.58009450624101,106.196459049934,6.36943787604362,-6.99775679452756,-3.85175601959476
13.4158705179546,100.645372979086,-3.41595056406574,2.24362056243543,8.23256186920679
6.99545104928906,100.764938753799,-4.23697383710095,0.542012927244807,8.55082812740045
-10.0739395087002,97.4170722987994,-2.83236436975036,11.4829368062745,1.66974108489774
-4.38652961914837,124.531731141906,-12.8294847068065,-0.0811203962612976,-3.58499983601053
-1.70785129762911,98.9416759562486,15.922556951704,-6.87796618459692,-1.00677979982282
12.0219208263364,99.8536960548415,15.9761534583549,-1.65663249756444,-3.39880231728842
40.6851732738413,118.348100695329,18.9673134616348,10.840181937451,0.849884586317373
-32.4033844899698,81.6615040057373,-7.78267471692374,-6.99195076928777,4.51842996624327
17.3736052798902,119.289440618986,10.277166736663,0.626968437957231,0.211451693053953
14.7985144340178,96.1401277724474,-4.64273243590016,2.35704438453437,14.8429918327849
9.28054762849406,74.0086563284687,12.8017606492927,7.27147482484055,-3.68226452816181
9.90927635416308,99.2731624901302,-11.6045123153687,10.5335406227237,1.86392130596423
-18.4312887053249,105.207896646243,-4.11816690661312,-3.34661145617699,-8.72703357910426
45.122655899942,104.69379338838,10.9484958370251,8.94767955456059,22.8227205460924
1.10331512591776,113.229878719064,-13.4052329620512,6.87644775929778,-0.637541101454676
-1.51365473044436,106.932864096831,-13.3628103115512,-1.79889415103964,0.387863224619211
-5.52954552466385,129.65954422386,-4.47108531694623,-8.22959820664043,-10.8815822012126
-38.7780379842967,98.1186346820504,-8.6313041317783,-15.0566734118005,-11.1683411094759
-0.795598715863205,98.1484758219503,16.6234735182919,-9.70185245013734,-11.2855195527508
-11.8542439798206,110.256033779116,-10.6676594059957,-15.0918901710483,4.38878222547831
-25.4538019125034,98.6034777610295,-6.46160466617795,0.996119981689153,-15.460372094477
-35.3932264534331,104.963085614668,9.32900814891611,-8.39335068164186,-13.544148623011
12.4017975200417,118.902671313864,3.75699433626897,-10.4066081065539,2.79453883363721
9.16831648899932,93.9173722759725,10.1526302635656,-1.56718915580217,9.67358258904172
38.6990508512649,123.286647533855,14.8720296788861,18.9360172809692,-5.12900366607534
17.0993760362254,96.0056604012915,14.9681997121298,5.14755437327246,14.2135726101364
-34.4593430331914,77.2731232386549,-15.1508303861973,-6.07793166837303,10.1960092763352
-22.4773302130532,88.7012462122096,-9.63143338904624,0.822662556551636,-7.90742574950622
5.17849444782411,90.9223484493395,8.50306595058249,11.0503360562529,-20.7055721306961
-18.0619178696651,103.236118320088,-5.02933210104441,-13.8838778956314,4.15784510039081
-7.40136249925943,119.149929115584,-13.5732361380092,7.80580219028482,-8.54567456524658
-14.1882664977797,117.563611196283,0.501215041818942,-6.95477198313976,-9.95416159539471
-6.71477738158565,112.096978388473,3.78431012422863,-16.2622117483532,6.05844255122718
9.12645450814692,113.410326922885,6.78696612536561,0.372353088325426,3.08349450473778
-33.2092771892831,90.1124337089056,-4.05592327963998,-6.51060517748284,-9.50195333099781
25.8863570052524,103.06576490219,0.463319369114716,-1.07394532990899,17.8985501152604
-30.9274466614451,89.1066771031264,-8.48249752612046,-11.3606960447362,3.56440573762861
-8.31421478074857,92.1962611841815,7.49999519624319,-13.9084928511954,-0.519589849414122
-6.74559172197349,113.830579394183,-5.94957751721287,-8.83100418226473,4.54278743683843
20.2697245703205,117.711912897244,14.6192653318464,3.78286252906999,-3.45554049101179
-10.6471115366484,97.1589636280693,-12.157506726874,-5.6256449061182,10.3452813265285
-4.66046879507073,116.886887487379,-10.089401364235,16.7114741894718,-13.7871395178513
13.8104012850323,134.377038336045,4.9545908346526,0.570658771120743,-9.2610279934978
-5.84612095351472,121.938891518249,3.24137632396328,-1.54742295903958,-10.2151464490395
5.41354584056213,108.63254523798,-9.37197858333282,1.99380679389239,3.3426249568482
-10.2555287701617,96.7394856239565,-0.134657838446999,-11.5373282032215,1.07324217454481
-9.38371785265101,104.318461172971,-5.12409737683636,-4.30685262847174,-1.39744955064521
-11.726032635579,101.190416111662,2.18708269122856,-11.0212951295277,4.7733952319605
-20.8287977560176,106.372578722017,8.20052999793987,-6.59397548807002,-7.42188279201939
23.1896918102873,103.923606608588,-1.08515489813196,4.08697530427442,6.00642327630188
30.5634354995524,117.675103075728,8.67432814351929,6.3991299401867,9.34447963599132
17.4488014582591,129.419842937119,11.7640723730471,-9.45030230469776,3.04029973206207
5.48522953167508,103.179860762333,18.8113008345149,-1.16548183862327,-8.34142215471361
-6.55095069599238,112.822353505972,-1.4658445401236,0.283328048054963,-3.06937007479438
39.7327672003758,94.566170317959,12.6277147934457,-1.7205926248208,22.5177059562512
12.2019798634632,98.3354516386748,10.6526030753684,-8.23591923825073,11.5892174421296
19.5411622641638,138.378872288208,-4.05495892551802,2.56858927327967,8.67336023483216
3.07208698967926,90.4697069049551,11.1890012217558,-6.24906447580478,-4.86128001241081
-13.1503705337758,107.601877815659,0.522472053065593,-9.96309510214665,1.62836824926434
-11.541366736753,99.1638955251766,-6.09632012742797,-11.1636529158145,3.40190173964869
9.19037770185052,104.207107414398,-13.5307287962171,4.38785623968233,11.3593117575675
-12.0436768563058,101.007410031873,-22.5012295291581,2.42914427388435,4.50284592311272
-15.9329462054922,100.134927916543,2.01786384248107,-3.36047459238913,-16.4980421594483
-9.87715518214529,93.0499961983974,4.71148217351044,-2.19347723086137,-10.7386997643855
-15.3762589468815,111.201235738878,-13.7138831265129,1.58519133339158,5.04477770971659
30.3702298842798,106.967019764533,-3.85457691801356,10.2917506538772,16.4429254593066
19.8309094689901,111.00654616234,0.695934765867689,8.9031013486557,10.5257409559725
-7.53734990853573,108.64397861269,21.6521112350599,-9.77807173331718,-12.794778748669
22.630760158705,106.055941770831,10.2838616221884,-15.4137163067411,22.60281512025
23.5922457453003,77.4418462469687,13.0356676754638,12.307477689679,11.0432711106715
19.2932528488751,106.532372457523,3.63839523996139,-6.40125311044088,13.0765821242931
31.1803613769243,125.984030696882,11.3188311531364,8.77965457881006,18.9798545469471
26.9742187950418,90.5894582030769,18.7871407940276,19.0557697765573,-8.19223013674854
-0.530778512112336,108.827894595803,-9.80511007913915,11.1047095755174,-6.51134904647825
1.33422803969276,96.4953384049428,0.032946759285475,-7.64606637173137,4.68996729202547
6.35902577432194,127.157099512021,3.29792133050789,-15.0598190950483,4.08415446642961
16.0136061554436,117.683918643153,-9.17960110434447,9.21701074195787,9.00437443018186
10.9788636635461,111.547611577769,-14.7303563985842,1.59984361702974,20.8827360896741
-12.8789527069579,101.638170551192,-7.61303265668995,1.9474130509064,-2.9480515545372
2.26451423283117,82.8556925836128,12.8022096083381,14.7765259847939,-10.1680175274239
6.44126818588958,109.542775088657,-18.5455858120683,4.99171205132009,10.581004235725
-27.8458988768968,116.007242572717,-31.7775725479542,1.12858356190029,-4.36796929703607
-11.6740067253775,104.378726637065,6.97524555117523,4.44028193663518,-16.9642644554095
13.7041809640741,93.7452882133668,9.03371833681681,4.16101121006995,5.27146276825174
1.68426885013774,130.449912867443,-6.50105011780622,-8.14527795404806,6.46569338602411
9.02056117060745,122.128900243909,5.03190865565653,12.0114636153705,-9.62305977097992
-23.6656123914324,82.9368105914604,-8.08998451655562,-2.9359071891682,-7.93230218999705
-10.6946504596673,121.46430185919,-5.18972506539367,4.7132027519839,-9.96937451189273
-29.0362373494376,99.9684643059837,-6.24064719601244,-12.5622222649586,-10.7195379477686
7.67922741974578,95.7328560580029,5.79686325100524,11.8264366834186,2.37396396463217
14.9458273493517,118.721866319583,-0.795712161588445,2.60082186723653,9.7965278359572
0.653714591248762,119.620352567994,14.756974588055,8.41173910718735,-14.2145770797358
4.63456789766848,113.674090544037,-3.22622177416462,17.1515081639075,-8.48397622373378
18.1530707667595,108.177491347359,16.6556987956021,-11.7369954349587,11.4113815307881
11.5270515511272,89.6816122343086,8.18706504565368,-1.11301203591169,6.95478169440442
-8.17458546745276,101.706530123263,5.53613456921619,-0.512283172330204,-8.83348145451484
15.016096335152,131.745079846663,-8.4965580712308,2.7929144732229,0.0847978968285337
8.06839509493101,87.45593865749,-1.43478790416062,7.05874120794839,13.2244479359791
18.7725739168917,116.541864660525,-3.63835389026823,0.451203791763966,11.326446685722
-59.9481758004981,76.11095646934,-12.6412229362368,-5.11034103747995,-9.68794765508702
8.32297097587557,92.7461826890803,6.31061592349365,7.68752742268381,5.64034704223054
-19.2541791160403,93.9187357644147,1.0525138272375,-24.7330283539129,6.16849832728142
15.9794561122006,89.6695026857529,9.91715121420761,3.68799998717213,17.52631321069
0.704634534566897,119.850087392065,-13.2130133420412,23.2539577728764,-6.50613653705163
-3.12071853663527,117.899265419518,-11.8982364247349,-3.16835704252854,3.46068605899062
-4.10437140256923,91.5745464322569,-11.508562240785,4.32616576402689,2.98118888560608
-6.44642402688303,102.647072654621,16.229125131512,-3.11059439834183,-19.1798432243789
-11.0855412747842,111.67867430485,0.71538979207461,-0.297822796462322,-7.97303128933142
-21.5503613120101,85.4264450075485,-6.71870297320158,1.19997269516748,-8.91563075941201
-2.89655721399098,97.1389137671585,-15.9776374420365,-0.969920804352069,16.664730195796
0.51542520814588,117.239847732172,2.63429536735012,-1.73203214401712,0.109091807760516
-21.1457935625257,67.3782911920508,-7.70845832927845,-4.80791959734178,4.5974504545935
14.5325146061397,97.4174745701209,9.25530830397489,8.06368788438883,-5.69511195001131
-2.35701128591419,103.899684439815,3.3244220021495,6.70037964834342,-9.29871012973817
-28.9463997059491,79.697383311445,-15.034168084687,-0.27629800748124,-7.76895260843753
-3.94107309052354,95.2719414126956,-2.93687900642341,3.06798105436258,-5.49130388040553
-15.117877140899,99.7346758588214,-9.95100914589563,-7.04138869274556,-8.50264451567595
12.4314062446782,96.1687460183537,0.23204764229967,13.5165855672382,-3.74653634453756
9.16099054308604,118.635657595228,-6.85348116685516,0.303439222400524,9.01553979374964
-7.06379218990413,81.6269686035776,-13.3962489623467,-0.15807556360527,11.9060158898453
23.8414119800389,110.351257283237,20.6948480231961,-4.67108304653973,-1.79810359207118
7.95057538009634,95.9077450960526,-0.11776575469396,3.90781396321407,7.15970849673381
11.7920725233954,112.503978884007,4.67280148658993,-3.85792285328463,2.59442607079523
-5.43357010183511,83.3711876708787,-21.9351227369513,2.65509375142376,13.1858943514367
-5.62449857691145,106.96008862958,-7.247805732957,-4.51641989174759,12.2079622709694
-26.5564076288669,94.5096679836297,-17.4978850126532,-14.6604471457148,10.6922512370214
-1.30504371434747,125.966627837845,-5.63779168749925,-2.57913474272343,-0.845752683515609
-1.86699884825775,85.8969555351924,-7.31937011375276,-1.03971212335507,11.3057263953618
-5.56633982391453,68.791481843819,-5.08583220418355,1.31982033279368,10.8237980483314
-1.57956784855536,108.137608318831,11.2634669051803,-11.4127408804849,-1.40144411503511
8.11524805987228,94.7098077347323,-9.47844368118905,2.93509936886422,13.857582567168
12.3664314043655,103.305111596311,-1.79910797118072,-9.90766434528651,17.0047223108104
17.0116881396885,92.7859223147088,17.2652154933896,6.68293156404914,-5.63179560256663
-6.98365394257505,97.1232541391202,-2.39255782252862,10.0215799900908,-3.20626193581091
-38.7164150450769,80.5174072224557,-10.4557121570565,-6.3390907535764,2.14799942643103
-21.7585756027526,100.792269137428,5.43798140555506,-9.05663297750405,-16.9600710085531
7.08102883095801,118.77282078435,-0.85286163995735,2.27708553097839,7.99650285007523
-25.6609611349379,101.449093926209,-4.41684917940039,-16.6247141070883,0.277354619908679
-7.28806090328632,111.769283004976,-0.0430408001328511,2.44930247558722,-7.43505561388864
3.52818243809336,102.484705535536,-8.11096804864585,-5.31251422773496,9.74783719005283
8.08296848140205,96.4528945263051,-2.59535988781542,0.99501551365098,11.6606064179198
-25.716455427369,97.8151157857374,5.02616910513525,-4.23043451895982,-20.5754784161864
10.0228928369085,95.7843684759772,2.9008124388075,3.41926139175004,13.0373178348496
-27.912104519373,95.4915444639808,-8.90756363876939,3.27331156034513,-19.6681109567995
14.9656641672344,115.428075930431,-5.60093537148108,12.714464772532,5.17673960364449
18.3392357499048,106.713847723452,-15.955438610307,23.009313036976,12.928688818684
19.1403791530595,92.4964906132445,-19.5445144729724,27.7962409389167,6.00128125920823
23.4687555448788,98.5892669131776,7.91065019301702,8.30206684757666,2.10194015574029
4.95152493579372,110.710962526016,-0.9648128718046,-4.22953238603717,-3.18955707083588
17.8675686966546,100.804915723116,7.95911600639374,19.5824266958074,-2.18034961886568
-50.3064082475969,94.7821748358085,-25.4236369046778,-9.65610853360049,1.70574737127186
1.85591717753169,86.9539639604875,-4.48343666293976,2.91150262504916,13.6044953236433
-16.1173251183643,90.2700551224345,10.8466561211716,6.59238813230101,-12.9928931161797
-11.2314526819511,102.601721926195,14.6666576115005,0.666504718955779,-13.643126225674
-25.3832884508623,100.179719337379,-10.0782746892035,-11.1413415161348,-2.79085125504269
10.9524467680973,114.804950086312,-4.52878898153566,9.08964781173565,5.95233604589638
12.2017068841156,96.6157947994451,-5.32780854330811,9.77063412256455,13.2586550309973
-11.9571938432777,94.1314658220672,-12.6980126442598,-9.70604476447755,8.23868796052337
-3.31008400063551,85.8148026415762,1.7179980450137,19.5198720584551,-10.5952424867173
-26.0280855364733,123.439442050419,-17.2896399192536,-7.89862378995055,-8.30404016118366
34.2817493414291,124.767486066126,21.8454256576926,-2.63489637495004,8.24863664510729
-2.55699942344889,99.9113290843269,1.67602303106378,11.3199981896763,-13.1475855848004
19.530450045066,95.8570913204457,9.3432700818167,16.5375654282178,-2.42683300141101
19.2871477132483,138.709764523403,2.36165674058673,-0.56965170770171,3.77698418588749
-21.1223883855715,96.5547171502171,-14.3605492640848,-1.63269361799896,9.30068014296202
11.3454917218645,95.5828619656926,-0.666996370397368,17.2831694350479,-7.85674484015051
11.7029341991753,109.980612604821,10.6798367428568,-10.1808410484314,11.3404043500047
21.4012588741165,119.075375285226,-4.19346215233194,-4.4300386187782,16.8326411320636
-9.16056252200638,96.0120648697101,0.471418738272862,-6.95905120485483,8.83846384815691
-16.058128044796,93.9711697509556,4.89888481849826,-15.9590167989328,-2.22905164605693
7.85842796317707,103.119615149927,13.3235452801394,7.40242701076219,-20.0719882365519
-23.0592881172031,86.223383039232,5.87400545370185,-11.6937657175547,-0.415171801237281
11.5123422608657,94.821944069062,12.204142786299,3.26824745726639,6.21349896090492
-22.3446913312061,93.7323844758947,6.47652275662407,-13.8314650538975,-0.749378732691897
-24.3892711189196,103.029999091285,-8.41830972913165,-12.7414511139997,0.384505181920774
15.1646184989939,108.020573951502,11.9432918174002,7.83524196294661,10.3450354958368
5.25815689514052,98.0498573132877,-10.5751422594285,8.89109737908557,7.38138180115467
3.18270043229438,92.8292368253517,4.52154270298356,-7.21703277554418,4.03669200925487
-34.4701392981368,111.354580784859,-15.7244745949403,-6.62589099069674,-10.6560332872024
-15.2474051550558,82.3820772783273,10.6557953624041,-0.736958087051562,-12.7637362913995
6.0084624834826,101.741937144315,-1.2318876897141,-7.51841893479282,12.6202745424263
-38.0807728032629,73.7249856685172,-21.3123451001461,2.31865371178546,1.29296008874829
12.776703463941,99.5871883171271,5.51406939220433,-11.1653620736947,16.300768349819
-11.4711727574154,95.3530701911299,-8.85193929878951,1.95982847315969,3.72849928844855
21.3418275415991,102.576907184259,-0.598616699803872,5.31818718447323,14.8219590837517
26.836806739903,106.189876245037,7.30173891024521,14.2789214831421,0.721324742751229
3.58908606330293,93.8812644828416,-0.834959885281634,3.37512262930326,-3.16014558775444
-22.289608986645,74.787468213545,-1.27987531824232,-6.81165790917354,-7.65944456303433
-26.5059671176829,69.7559078296938,-14.0748372858063,7.43601527459945,-1.48779540782312
-18.8773657010827,100.954206824756,-2.55657442051113,-9.05746165270726,-7.3481264373306
44.3853575155968,112.721220598177,13.4005985455798,7.50937125271965,14.5873259018496
45.8742715581567,105.018260053207,9.05831248918942,12.0004520471436,11.656580311679
-4.84705074128133,106.691220511417,2.67328873722596,-1.52328282989937,2.10398263613647
-16.1877057306333,87.4456586609901,5.90348176704918,-21.7030286581156,7.32702239492103
-14.9450016977943,103.850455263213,-5.18792616569892,1.57235142902165,-13.4612487424009
-12.1105608671424,93.6835868917753,9.58520796823174,-6.85604828973012,-6.35460399650778
-37.1546631034253,88.2976620743734,0.0426595101726833,-16.7829509791673,-7.23183567684406
-4.58972376667321,89.0368822711836,1.06280677682459,20.6744262579188,-11.7895268433513
-14.8637470860608,86.7679912713066,-6.21508262880216,6.1151165193977,-14.8941842945876
14.070467832882,104.772482760625,9.08205458456317,0.412691959108741,-5.98596289739793
-28.7337722911165,70.1270236402291,-3.94544421022009,-8.43309602334383,-2.74272720784011
11.3942706568354,106.494006383008,7.57675015309619,0.973430990434701,3.54219022156903
-5.73504148078693,103.809574819735,5.4429806470899,-18.1920995362118,-0.536710653941079
-7.96651291146046,103.810062680334,-19.6555804656544,16.2498979229465,4.58752843250282
-43.7518675745399,105.878780725132,-22.1591199434125,-16.0382347851077,2.21497898676814
22.2216407848598,101.54735794028,15.6700458901262,11.0144627526173,-4.73025841991359
-14.6657170344806,110.234118943376,-1.41954713279526,-13.4842831202097,0.0283308780693651
23.0643988334574,93.981374855694,8.95004495651203,-8.42971532754516,7.14292446880969
-3.8801571593759,91.7052580112868,1.53789778570346,11.0407157243768,-12.2038361935341
-15.6378144764039,123.241749994163,-18.634010499114,-4.07078246874205,-3.85582217348029
-20.4358005365346,83.0408109634509,-0.0919869217382753,1.44332709268825,-4.03837793510586
-14.1928922508388,108.302209728498,-7.7388701876083,0.00421232311029624,-14.0621478453444
-42.6207888299084,78.0035788674234,-7.98725946748644,-15.7995854687051,-2.48447641284309
5.17524186786559,93.1837974039501,-5.10970920550087,5.76556895441818,0.994889507274276
-10.7456307665929,87.550969741201,-1.69584589068755,-3.24986650941532,8.70764899127808
-9.23212569542195,101.144376783987,12.5850003076188,-11.2458340467328,-6.72040714197444
-22.2544522086967,115.084072159454,6.57031654534311,-5.38196349698172,-13.9522226733441
21.6788225285556,96.5431972941965,6.95923634347662,-6.2430706254843,20.3849082734383
14.846147280939,107.756290287563,-3.39124585453877,9.39263465675899,4.43976379849413
-9.56514003727676,99.9354954932773,-0.176510000407382,-5.1935884361744,-1.12264707923481
-5.25308949399945,99.0890450877201,-0.420137307544898,2.34581643799263,-2.72489663768402
-48.9986697475265,100.663671637545,-13.8605038474287,-9.3489638820061,-25.3639153113554
13.0173610086945,108.475565660175,11.1622830216494,10.5795355080782,-6.30365822358965
4.8394129545499,91.8248257163281,4.24090436718643,-8.42973162364641,6.65284801472252
-32.9667286152966,90.4980267892807,-24.1840135966534,-2.86914608966899,-7.50897012024431
4.48545144173866,92.1183040753947,8.6742658049963,3.82629746389779,3.03156679690711
-3.99658845854586,121.029943588848,8.52265827431409,-11.5978789892062,-9.13652909478207
13.0406585043372,110.910450022289,-3.28092118503832,5.21622754826772,-3.16504692218561
-16.1667880014909,112.307100511877,-11.9845117788542,6.74763936033105,-9.58188355642278
7.29356555313953,103.881902249439,-4.23147482276779,2.40610701724157,4.01262919134545
-13.772488381865,87.4671605158899,9.53771219008561,-4.69515718550658,-3.07876695613283
-3.79064591134557,87.3480256173294,8.0979381286284,10.2395577746515,-5.46284781990989
10.4998757029263,98.6314685864221,1.8735979936911,13.9268642456128,-4.78688880509171
9.15571744670738,89.6363274444991,-2.04345951148247,2.04263064879086,14.6141955498713
-30.524245212127,94.1452244597658,-10.2654605018617,-12.9599997181872,1.57536021294519
0.981896225812029,96.464148028083,0.637897391892057,-1.6107021216425,4.5022405395939
11.9879586392546,101.184255843034,-1.85046923445125,19.6627483875091,-18.9635677804675
-30.2870567207278,86.0062809173974,10.8793980542792,-15.1182850921608,-12.2836102644685
-20.4981453002501,96.5599100704497,-7.1626973671754,-5.06578525078022,3.49416488298493
9.40542741824589,96.4304424506525,-7.87518332828283,6.18276444290272,15.13446842852
31.9274746963086,109.116715913253,8.58838458988877,20.0604505940076,1.88879019118166
51.5230199302009,104.887197058785,13.191324373217,8.5513449238117,27.8198996098542
12.3810654903207,115.036957830903,5.30503178686609,-8.41825988555115,6.85316181640417
-28.422434545136,100.032776771704,-9.37999517090285,-10.6327674713394,-2.35673262117809
15.598540467838,101.405281509298,6.25948830177762,-0.998611764005397,1.41413565777486
0.936936135806383,88.1076110874736,6.50218523735338,-0.896627184045522,-5.94718172769178
-4.02291538547435,83.7761525399169,-5.18020295305954,13.4184875026992,1.39084522380749
2.48313491932394,106.608725859099,-0.702654326945173,0.189989362943846,2.50509325887146
14.703610532256,111.410017609776,23.6177881685012,-11.8495054518871,-5.80190842083456
-9.26453301197923,125.693280181301,-0.818058793674828,-11.5743840671328,-1.02110632820891
7.48097794075575,89.7880362450263,12.243499146784,1.01284043324346,-2.95924763853301
3.82480513162631,107.491717525334,8.10595255815052,-5.0368032496178,0.723142758940189
-43.2367199794618,118.833668385513,-5.22920287850595,-30.6004002301847,-16.3006210456851
12.6918634700601,124.229292471189,-2.54146616984696,6.5209416755989,0.119600873672904
11.550461765598,102.566949742438,-9.97400108251762,12.1304499928276,5.53630348828241
-18.1266306981134,80.6386107763463,4.02873932854663,-22.2023325690046,12.1007901907975
6.36619920536265,114.73581837542,9.85305167457567,-7.69307346125145,7.20765043545269
23.5273225828882,104.171605101421,9.77609913575274,-0.655909430672403,5.84931332670299
4.62901903156599,96.3629738987729,-2.60177050581328,14.1642677591063,-4.84040843650978
-46.8518194810453,98.1550824948826,-12.040403234037,-7.84309395052264,-8.78697465367471
-21.0066230071732,90.4306010608238,-18.5105035803904,18.1841588144885,-11.8797904616137
-13.0386356984855,70.1610913200415,5.38347443179549,-2.46885850750192,0.874926054237618
-1.22115320161041,91.9716957656988,-7.68142899073171,13.6722796710284,-5.57546919779975
11.3943986371686,97.8688584001338,8.18229068578557,-2.06949045002878,0.757515974002214
-21.246291365467,96.7108659423618,-11.0406504861731,-5.07263007247272,3.97829955818957
-24.7620716368405,88.6396020782382,0.609898756784118,-11.4152015296301,-6.08761203610598
10.2072493709026,104.941689835519,13.6874618516275,-18.2919772902752,14.6468465603927
40.8973828431845,96.9115891595096,24.3079897774023,-5.3413833609988,8.03447727098783
-13.358837814207,97.3379791314195,-4.49122399452993,-14.7211649201763,13.6451074092774
1.17866472273094,102.75772968615,-13.6993064079235,5.25230963965048,-2.75775585027999
7.54908025600212,90.8502239891037,1.451118521292,-1.75340030907277,2.19317375978808
11.1086707984751,91.2758334894094,3.87465133126059,2.15920189356877,8.48809422356585
19.6183327893776,93.1396422411684,5.42911585615742,10.0323952727089,4.4685488099731
-5.1139844274342,97.3859133737794,-8.80596362005949,7.95690399606796,-3.22016299572255
-1.19657505142971,109.315700007795,-4.24849156876582,-12.9499176701392,7.72633205975557
20.0062783828815,110.218801200862,-2.38459782577541,9.24477475931277,8.26577312637434
-24.3884927907152,75.0164780308476,-7.76720283525879,-0.403185299381493,-7.03161283285331
-26.8674405967558,87.8032753921683,-2.52884066517521,-18.6611007704526,3.48635093566147
-11.0060493415332,87.2835756137265,-4.24869603318867,-4.77991898391134,5.74355694915282
-7.67137135145998,102.282439760641,7.8270187574371,-10.207315509063,2.63145377057784
34.4970127240517,103.156226047448,27.5074515443613,1.09403857324935,6.79059863718815
1.17697808217378,108.417767725456,12.5346622056018,-4.74519334807365,1.62380743414394
-7.49817925397061,89.5908545356287,-1.6859126237974,-1.78298267180943,3.97188865057473
13.6618100117978,112.043970503001,6.3766147029553,-4.55982735662838,14.5932884507746
-4.53708770432362,92.9016521995348,-16.171069655993,10.0002820521473,-4.14927890110044
-11.1397630072886,110.055475479525,-5.83853011897059,-22.6111525229908,10.9767404562316
-13.7142661375872,101.891139247665,-17.0174566912807,5.51072028103598,2.38245568318825
-2.40193777269469,107.272301716005,2.14113501854996,-3.4847266562818,-6.85387871687078
-12.4280671513816,100.807406884116,6.48495902428934,-8.43180230690836,-8.07781214760253
-19.6489001790725,81.3495835782113,-2.66465875625947,-0.959472997361851,-10.6700345893681
10.9538776729904,91.2673434790937,3.32089739238418,5.48138887252849,14.5099591974224
29.0532740587545,114.266228684306,-8.48098171790619,16.1992740524931,7.14529510170902
29.7638679931718,110.048796073995,-0.332044077462388,22.1719235105513,-7.33069329949318
-8.10670534300245,84.3259618608674,-8.96838152674587,-1.7135816172769,4.74284543375152
21.2722007385082,103.152140547649,12.6398862167942,-2.63465737590064,4.86624509685114
8.25225569876915,115.205560384617,-0.0976076236445148,4.2985850034543,-7.59612394944747
9.7906834430477,122.840514886275,-0.295923966718879,4.86350639299775,0.799833483315918
-7.56405344332076,91.1624629660106,2.51676689765689,4.20246874569167,-2.864727334897
19.8871091784024,84.1588774715633,23.3673961253826,4.97145152583631,-5.60125090284064
16.5800304962317,108.484129139176,-4.4710803399998,6.31474579386412,7.22791987037778
-12.9679676126942,104.006313057326,-16.8892725954251,-2.03963549247758,7.10155778169673
24.3822593969357,93.3462982140318,13.1779046000763,12.2083353610199,6.51332718848351
42.0392711131762,73.6234994228141,6.22096348040424,13.4078596202731,24.9660977042013
-9.68595832394515,107.140287233232,3.06689308785859,-18.2603138806305,-0.393846302248745
17.9603275005278,102.02027815688,-1.19573011908387,-1.34991368657991,17.7384716860282
-8.52180716447321,103.908949446564,-13.0797789406592,0.400878136913528,2.29038226000577
-24.3357868357316,87.1076107431905,19.3697177228027,-10.972097380712,-12.7481485138384
-12.0203665307692,87.3724197282034,-9.10712334092344,4.76230979736708,5.47380152806635
6.65110482463583,117.534913433314,2.15747518750791,5.26061187382623,-6.71022311826625
17.4567892364878,97.2087675580029,-8.19674249795659,0.135869407609111,18.6827237828364
24.4661235715241,124.218920869911,0.445589670196207,-7.55262519943997,23.4916142681009
-2.059093743249,126.597049494611,-4.18314735814897,4.76542217280173,-10.374013158329
3.45662644714364,112.266389450347,5.62475656193224,-1.60722478027444,-8.36887918323424
20.0434732127836,95.3646371900162,11.7581546632563,4.3277332273159,3.39297239673814
29.2816324748914,95.7834173007778,13.5786866837603,14.4885038582056,7.91174409364845
0.323872752523713,91.8995890479521,0.767564702193293,13.6646766365877,-7.83705510543277
0.13966573077865,126.168643989731,1.22861415469494,-18.0569772040856,5.15135567285327
15.9706231417441,122.555049548742,-15.4670783164523,14.9751596692341,-3.94678902850788
24.7662550680172,114.322735147728,-4.53294664502575,2.48021577648265,24.2257635596316
-33.4547650504764,90.8550695183852,-3.41250974913902,-10.2161514652178,-6.27956785340138
27.9574460186045,103.235073977034,12.6732899383683,-9.65991236775823,8.76131358270425
-5.94461915733719,88.9194140416295,-9.05387811680033,-5.11660555353459,6.88579102264212
0.10368760992178,85.2893478189879,-6.35906990535603,18.6660716715362,-6.0088229989075
30.6147377651507,112.13351254528,11.8300606452287,-3.19595021207289,9.84553977175026
-34.3333945849289,85.8241459415696,-19.314228438748,9.00599789934206,-5.92418381104927
-7.28627171023626,115.538221151733,-7.44404041952401,-12.2472219193426,7.29246816187416
29.8577633948085,120.218876256475,-6.57775694990426,-1.13786625057651,20.4455236874018
-30.2526461701965,66.9986182822529,1.9149588644939,-5.17449635641165,3.2255957914631
-3.80450521720331,100.020464328707,-8.62282729899883,7.05544501524352,-3.65749267673889
-30.7234073973492,96.017331366975,-16.5201805043373,-6.1775966710153,6.552487609005
-9.02454017547296,102.028069501977,6.75958105883197,-6.36136192665712,-17.7672232017933
-19.8353694001021,119.298837947971,-18.6129148322614,-3.54754510923011,-8.06490287712262
10.0529159578427,98.9653615403386,5.10584976393861,-11.2740832393716,26.6092255970279
-40.3656171140214,90.1048464809624,-14.0691304284933,-5.46057043733512,-4.90995053655341
5.88102201109363,90.0118484415077,1.07337601881699,-4.5239308928545,10.0724572181001
25.0667247917962,93.0386840157567,2.65601968231278,15.6914399075696,-1.38950091024935
3.07216761223055,85.5372987939989,1.57012019647632,-12.015503510085,11.9157333393589
-19.2661257961017,108.881017388293,-0.978472968957376,-12.2546843916228,0.270320922910365
-9.54099081756699,105.421024267192,-10.3762245890392,-2.43428552527933,6.17279426996684
-6.36485213433055,107.496920399023,-2.0428979539359,7.47438725710937,-10.0915346489694
1.67177340439953,108.982816053562,-14.2823393445406,25.4081527145507,-18.8640069223473
-13.2193366063001,114.394397479937,-1.09881910704042,-23.4595471373392,8.90251087599287
-10.106415296791,115.571331392858,7.04406362434407,-13.8614453971179,-2.83284764546363
8.23793194373118,103.05968972671,-17.9062271585205,10.0164451685084,20.0128362689533
4.2136750871,72.2832982212094,6.08176831271179,28.4843268579862,-1.21676774680555
23.2380475692227,110.998035946832,9.15579140131897,-3.66965060244788,4.83619923931673
2.73940689627161,110.36038149921,11.1892103951237,-0.109981336302297,-8.89288765618351
-7.99608970986299,153.468993992716,4.67272603359412,2.19565139914128,-30.5367052937961
-20.8292186812743,93.3323484869552,0.22731177746102,-14.4131238798855,-9.11764559853323
-8.94383110096602,112.043652915247,-14.73905010802,9.14668038248611,-7.66663798309754
0.796413407218821,112.796080449079,-8.48309448841256,13.9939004968864,-17.8946640026193
-1.93223837022436,79.2248882135465,7.58217109201031,12.4136653926388,-10.4098536941834
-25.2669125450543,84.9706161102643,-3.76500571234099,-14.575869894259,0.601408545345855
3.74015132423523,97.4931607080287,10.7828696061199,-3.34832858593391,2.20285777171345
13.0960226423033,123.567035432861,19.4631914421658,-4.22251784578629,-9.75070419868939
-3.8607414633544,102.647292660445,3.37335198712675,-5.37668530897851,-4.31194677153563
-0.900545037004745,98.5123718367286,6.89963256109531,-9.02632632568969,-7.06352514372159
-25.7657361994452,98.7168918550805,-4.053584407691,-11.7522343051254,-5.75160996729777
-26.6005878238229,69.9436286632974,-13.3050141943018,5.2309848614335,-6.38353285310415
8.07228463721609,87.5210221608103,5.65824916127607,9.81507890691337,-3.46514304017733
9.76765694681868,103.523175084184,5.40955562520965,-0.832141844082228,1.74885623873828
-14.2264221044761,118.102282440239,3.74056684568405,-8.22721406326999,-5.14672100197271
-38.0332322276482,93.9495377477638,-15.2479756137273,-16.400916691519,-10.925745326467
-35.8017954680395,86.5459534633955,-16.0876120203695,2.40472818697277,-2.14657310035879
-25.1165085973,96.562063320675,-2.12619187039612,-8.90495639202403,-15.9158987577936
-8.96291829256316,68.7064013057848,12.1437664612405,5.38736645706846,-12.0176603692361
-10.8783259316661,110.918138943477,-19.0219671219336,-12.4776024810951,6.19430567375244
-19.2257492388148,97.9539505144144,-8.33538816768882,-13.0830773965904,2.33176677105962
-0.850549555500057,108.645728530454,-2.03683016697241,-1.06003412273768,-0.271847120259407
19.1525784127408,104.440737393684,1.71467141554542,17.8511059144219,-9.99809893207339
-8.8488516600258,115.948824318556,-3.82776853919338,-5.24708504837532,-0.541618493028879
-26.9553507737732,103.690474791812,-6.87462533711525,-6.69000716135287,-13.6291008058714
2.55876513284013,105.154186505471,8.796875212567,-1.14364352180746,-3.84943212028661
35.4091570337909,111.164604225289,-0.535762107673988,14.9919682958501,13.2355557323503
-13.5097491978689,111.415256187503,-13.2049225576488,-3.01277214414411,3.69062033346289
-0.17395219164494,101.780614046302,-9.36194253721279,4.32921652441872,-7.59682293251651
-4.71409940793932,104.788323693787,-1.41913941811787,-7.94092655860454,-10.0112963461315
-7.44463576025674,90.8723131408971,-11.3898210258225,17.7581523174233,-6.69915555710165
-24.0735536702489,89.5500129137839,8.87909717130637,-8.00030663921396,-13.1564914178408
-14.8096790151136,76.651330069258,2.64445623977392,-10.111231602604,3.37397128919375
18.6714857211552,114.254781695896,-17.1193770724625,15.1293007931921,17.4701708689713
13.6635555461394,101.055669776504,10.352570316228,-9.33571600231977,1.85858762907435
-38.4813926300637,73.9039293679994,-17.6471972431525,-4.15196002100569,-0.113484532326371
-2.92708731423082,114.334312138156,-18.8432417123914,1.88125080161876,6.76096812575
3.69246654658793,103.044641392005,-11.8254785337972,9.77642906813651,-1.43728482047734
17.4437209904814,118.966632529129,0.652445459459967,-3.76102117267569,8.73519733417007
-45.9457418051309,71.8106120074986,-9.24221723870837,-6.45441262268004,-20.0133654035963
4.78157862220132,79.1393748853808,2.87337531885324,0.618599869722425,10.4791852085217
4.483255055589,116.407597024661,13.1816874068779,-5.09373995728663,-11.3112273331702
-3.20711560854033,82.5531687482921,0.361303174452257,5.24662221480845,0.697804465306306
-6.56794932514858,100.633703268816,-1.81578300657782,-11.0982202743761,0.485391590065283
11.8215161627686,84.1119353575554,7.56518478395938,1.39433710058071,0.242864075870279
31.7459127500993,96.2291931656291,15.3277688430134,8.2424393787885,15.9044365475746
-5.75252307784946,78.1220551317989,9.5970143920091,7.59398033093782,-5.61654600513832
-1.16986984730509,99.1506772223401,-3.94131846227047,16.849478959812,0.264634651908437
-42.9231409440172,108.73481397975,2.81734157291722,-19.2701844004547,-1.03540120449977
-13.042206500627,85.6498906092002,-1.86286071593999,-6.82363858300792,12.1817478966703
1.35315769585924,89.880706042682,-0.238820370635239,3.5253916598687,1.84052636528994
-1.15145930389652,87.1058108227567,7.8722258250175,0.937327402456065,8.39383576253661
-8.22904287498723,101.586274607055,-13.7831440124036,3.87594008243645,-2.53421267172581
20.6034803280012,123.03576354228,12.4650531256787,-2.33019111208332,0.33106750567868
17.3066860106644,116.028744522294,-1.9859465074698,18.3035855650995,-1.9530375759798
-9.89459199270546,122.126876410914,-10.2783287138575,-11.9191742109056,0.0554203366449691
-14.8318662644913,84.7040504061091,-9.93221179745419,5.22965847645526,6.81362118651428
6.43607602419106,102.386280694674,10.7456681303166,-4.68401807780126,1.35328550696386
10.4246236743524,87.3613863097927,5.41112388924429,11.0151685160984,6.40204271398359
-34.8362533815705,73.5780525180669,-0.086618056154979,-15.2563329346526,-5.71258060922649
16.3555649932407,102.180417821004,1.05244042043167,1.7826100930804,5.12031200296196
-9.08356398615179,95.2219114609405,-5.77888381776808,20.7271505327669,-19.1852447536293
2.04582185620765,92.7619002196152,10.4105198661298,-7.02306335059823,1.26637159159801
-12.5538161418394,97.359689850776,-10.043329379994,-1.10478696537777,-8.56771362110532
-15.5644381467052,83.6531429424952,-1.01527693473487,-10.7207955768201,7.57984789043053
-32.9621331764904,87.0862770567275,-3.76885700700808,-10.1368685980241,-16.922301506108
10.1248978578058,111.865857824633,8.42308453080844,-4.76121236452341,-8.24648165878418
18.1423875918166,112.826742558602,3.62993618392495,0.434003391885278,4.01665643140991
4.02463647049648,102.175707119149,-5.17153193326572,-3.09134791650692,11.0478058275038
37.9646615897104,96.890703239447,4.47302967791418,3.27582015435842,27.2214751384743
-1.38264911187392,107.427570809202,-1.69986814889728,-1.54262503484749,-11.2498613270804
-3.09143183387398,88.2094125533215,6.52167891448157,6.70989531735165,2.53526086206054
13.4738072671812,99.4907786898183,3.26344953297368,5.89035207062143,11.8501678259677
32.4074250767975,122.164805004895,8.13969136811425,5.99556366580027,14.8895257467921
27.0452241191492,94.055120092328,10.903833655431,3.20648107239375,7.30632205849922
7.3108278251645,103.892119337726,15.9913103763793,-3.70724623416159,0.854463900812431
-4.08825616835459,105.734296824457,-9.23360929483428,-10.0429475157519,8.21612841907637
-18.8833234664914,86.6412102816417,-5.10570011473543,0.258880007927357,1.86560383025833
-1.70083199452194,118.252115099038,-5.17911107593577,2.28445804873816,-13.425637213107
25.3491620339756,107.49735110126,13.2779403695621,14.2449230238069,-5.25424425411611
28.9377794558496,118.845988727155,8.17283556232129,-2.40333438578652,6.45018146352226
-0.685078831799079,106.962274615133,-1.81511455002674,2.21388535855437,4.57945629626921
-52.4340863687574,73.409864372017,-11.5846922305632,-20.2360091454157,-10.6609446569771
-35.2688775165001,107.664026134046,-20.1224250861759,-9.73687488180839,-8.96509858980167
4.24474806459029,96.4416330865148,10.4355832095387,-2.3118714429176,-10.9034630704521
-0.521057480710234,114.390372632838,-10.6476874611428,0.442784764682585,4.4808575518788
-3.97937721450924,90.8792260555628,-5.96779512001781,5.25319158706946,3.48229038353592
30.9627007059384,140.689828305262,3.31458186649926,10.1177740008929,-3.81418362412393
-22.1241609514278,82.2842492913885,-0.893785076103392,-6.86470896301592,-0.511730789616545
4.00587849728561,105.992981977469,2.70047382364845,-4.35930546685159,0.711819154159775
-5.02387521296579,100.140571211759,-9.40845242879582,5.21064212965917,-14.442164171761
-10.4644539050432,111.454245935962,-9.98029946854714,13.0559907867215,-17.3829122452545
14.8150694487056,109.937949852099,3.42461852509726,1.46453287128074,-2.04976326427981
-61.5313053733946,90.2726927099946,-22.9048424608526,-11.8495072400899,-10.7056136847455
-4.94594271183861,82.2076214999613,-25.7947700196086,-2.39760147584867,27.4139106988656
-1.70311411503881,91.2519390668051,-3.4978168683321,9.24748327531985,-1.3380172702449
0.213389427780666,100.860208559378,-0.714672043453637,11.6202563579546,-5.74876709390814
2.40177361418403,109.857084725296,9.72901280638076,-7.90361519740934,-3.58522577154002
10.1781080082825,97.7165133268187,0.725054062589357,6.77262926915872,6.63327824306401
12.5162983615746,106.764374860463,-2.01171201226706,-3.74903045273997,9.54920040396458
12.6634575407704,112.030864145609,0.790823523335843,19.2088525130047,-21.3768583849415
3.17270931589772,109.812153122868,0.737431212990885,0.872611065968993,0.162976453306536
1.95098582131291,112.246856736044,2.87084471005125,-0.549735015270541,-0.00772051812256288
23.9974637924944,85.8726196211885,4.93970913285664,14.5746953829266,6.983630833837
9.13437962578769,110.362436926194,14.2538707195943,-4.82085291710909,-0.384692861145864
23.9848367588026,132.421900322598,13.0126829827289,0.592166690102448,-1.13859065631878
7.61491031110472,115.506558361172,4.75162867311618,3.19521497345538,-18.398045098952
27.4483981475805,85.7097316732851,5.26681103533643,14.4411482057617,10.5211808268904
7.67933042490212,98.568470015951,5.38656656094365,-6.00896724358851,11.3041969479594
9.27450976064566,98.1992619891158,-2.89267492248591,1.90542398403922,10.3179044452235
28.0938094560705,108.06697399363,21.5377650467979,14.4486351917041,2.66830336338993
-2.52612889115464,114.709523058458,-12.3731561192025,3.7653232374384,4.59136018686887
-1.72449659245692,113.82404465154,-14.2415194200857,-1.91520419014744,3.81507399682172
18.7420726362255,97.4332341832864,-5.37526499229959,12.0021673895484,18.1865251626618
-0.273931132862255,101.537484561727,-12.9277172058772,7.77925654460278,3.97910832344222
28.7801098693572,104.546085183422,-6.0913435440296,16.4984837375785,3.59781077316574
-28.3463795226313,84.6879205279754,-21.3985542639417,3.76957013073642,-4.51740650006171
-8.38197543831632,98.8999686095997,4.23418091278139,-11.2479328304692,0.93994247178999
14.4877604189779,97.5500306412384,21.5694982573185,3.65196730371493,-3.92106595376616
3.72205247118907,83.2503427186884,3.00856377757375,7.80319529774418,-3.44302597424444
-22.357257064291,66.9503497795852,2.64334717196299,-11.922568567816,-1.27883922294402
-18.3606133735696,80.0037954036113,-6.46074083818574,-8.14514447936931,10.0757918496049
-14.9661301704994,89.1494373508319,1.14972116944367,0.670654657174809,-9.6371291496809
8.04144663652563,94.3474429548624,11.9246181142606,-6.8905539884659,4.69497417709003
-19.6768314892703,75.2527069199651,-15.1703023212476,7.3654722487866,-10.0068149077387
-17.7951878950501,90.9080160179524,-6.22264506249854,-0.150681163790466,4.27694016403355
11.1904063728159,107.298424890297,18.1613847000752,-9.56487222601538,-2.09849158757239
28.2270656911362,114.364691524029,2.26796483397775,7.02362666393136,-4.1665748660425
-4.18338419952585,98.0858598459689,-1.35595922413642,1.60591964287263,1.09987747685921
11.6189114316214,77.6198692376904,4.3946482376512,2.87999696354926,10.4759923903442
-10.6809789601955,112.431537365987,-11.9502580298011,-7.58667240371106,9.16732084333414
18.3855589150392,86.7802843288781,11.2564779742303,-1.33659028965825,11.72522023292
2.54312361668639,100.745730078031,9.29677095252964,5.33686534731414,-4.49130723338439
-8.4062317853535,97.1578361796467,0.45299246583612,-10.8131333829432,-5.19037067257229
3.16493593921399,111.258997864167,8.26481339003649,-1.47140963492073,-1.14389043030926
-47.7663758792352,79.9401825585241,-6.71271544722748,-11.5278711883115,-1.64177200928677
14.1799458370348,86.5887685153008,-1.79487806736918,4.55158731101743,8.03664626272283
6.39554324328239,99.1532694621628,19.241812049101,-1.73150230618377,-10.8144197476753
8.53693930125583,125.739912090942,7.78768188483147,-4.498059593509,-0.489476705806628
-33.1863581405487,97.4945192238037,-3.37389129974827,-17.6290810915821,-8.65208513870653
11.2194818281239,98.4069646293121,1.39197920218367,17.8498993114603,-7.05712924487628
14.4460910568078,93.8982148934578,12.5399952603409,4.09283342177527,12.8801188780742
-1.24741490366708,66.2637260444864,-12.6129084661923,7.35703139628263,10.8442764899831
17.1093997521617,111.607119568605,10.7639013466984,2.72406269115886,-2.12985702470796
3.62806882405298,121.735170114205,-4.4859150855232,3.91870392043963,3.09048675546771
17.6320223507368,105.793586410971,11.8784272597517,4.37633037527879,-10.6413080134608
14.32236964528,100.720540835855,15.6694974658833,14.0170334288581,-12.9763698985964
-40.9285517294961,81.862361971181,-10.117636228675,-16.7911492373458,2.72616966887892
-16.4278422019941,78.3751604048449,-11.3447672202881,-3.23457950488281,4.20937973142665
-22.2098489650964,83.6845992227627,-9.66258323190279,-0.932314838907203,1.7450592562959
-4.42204923411181,104.318145106721,14.9071547439191,-2.30254583081238,-12.9168676050583
-13.3451794952728,115.759757331559,-5.84118599748354,-12.423103814057,-1.46341620231616
3.3119577580344,93.1897283671388,-2.33364740546609,19.2659116643387,-12.4221010248589
-9.60586355947648,85.3852713236375,-1.92791791547772,-11.149688909417,15.8350770107955
-13.5057951411879,112.571701034279,-6.39715123194632,-12.8440816735661,3.25027586689506
-7.12935355377438,93.9627129102,-9.6840742077303,6.41444874310361,-11.1936830485413
-31.2095610998145,95.1188850780542,-11.6656870880089,-1.60857183652223,-14.0537612699832
-12.8558131699301,100.282460675524,6.26650886040297,-13.0358564058728,1.53215865859417
-10.6674654288088,93.8494549136171,9.43201573174893,-6.90672620289947,-12.231092359446
-38.5251752527368,100.966654746303,-8.20515220507643,-8.62607330921309,-15.4882718879814
-20.8759540237001,98.3149224359141,3.27346983019686,-1.88105471961536,-13.3343310064648
-7.16937640935732,95.4158431039524,-10.4582544142839,-0.655836481641032,6.23226478691972
-5.81814362056097,103.173157753897,-5.62504482824935,-2.8050630819386,-0.868647471091549
-17.0499932490925,114.81311090916,-13.7230185824784,12.4887887629017,-25.5877063535183
16.7008787474024,101.306101190751,3.02095897461921,4.60685488827108,12.988657758201
-4.1357963172608,93.3007469223055,-1.09605168674329,-6.97565940847737,0.377437355299064
-21.072339153518,121.085939166677,-16.0630650040275,-19.0152336931981,17.6805499774278
-33.732526186537,96.3476388099885,-15.9921531131541,-2.84651224800773,-5.71394666356827
-0.752301771550821,81.2113419563941,6.93120459103467,-2.78701466442979,12.5465895802969
11.1705345150161,104.316786288153,-8.32566752077249,5.28494432350252,0.818634252532383
30.6817054819227,103.988121837232,12.0205789395953,13.4443055832086,1.37211692642714
26.8491982227265,136.518504887227,-18.5250496312431,5.8702433714513,11.3936145019128
-26.982828379958,103.414693525535,-2.67353902326385,-16.7440481556262,-14.1825697716004
-8.2973113040065,104.218747585351,-11.1586086955027,0.147269937398932,9.72945649977512
-10.7330322696311,98.7027466352481,14.5968952924065,-14.1847350340499,-5.30032943206898
39.9731270388597,133.755216352419,2.19340573172287,7.56971293486389,4.33223832360711
3.81225866070983,87.9131047850032,-3.90981301265721,2.73758689815276,7.39721344944401
-17.7341726589778,72.5788277757717,-8.21308487681039,-20.823854383405,20.0223320926399
-16.7168171988391,106.549310695753,-6.63995391657137,1.34925848378048,-22.6063523830128
10.2308403685082,75.2540368088657,2.00376892675481,8.51729985276317,5.43855481978377
-12.4769264796385,120.831988451182,-17.1276148230204,3.80356300645549,-6.79024803716545
20.3010398463387,104.040136035244,14.1528610412925,6.3629057478032,1.60364633434169
-2.90132689094839,112.395614653929,0.10777335073936,-9.02671777681132,1.20974038845956
7.66215927933366,94.6110236948712,-8.89851559879652,12.9718016930506,8.68285551117979
2.15083013776616,91.1128160009166,7.04926338644579,-4.66921639409106,6.3502859958753
3.54898304172224,99.187230447861,-3.83259611125633,-2.01661855277802,10.3761284872472
12.9167255995648,114.302375302738,-1.30961549544877,5.20790217161743,8.75309613295357
12.4944498321825,102.959784802265,-2.08284159470709,10.4770040219427,6.8363175308994
3.99451830471809,129.046931233593,-0.360949945762231,-9.49237325831168,7.42188242722536
10.1044822767207,98.9790298848967,4.10616771137783,4.5963806157504,-3.18374469465489
-51.7004037668934,86.7120491322587,-13.741585557861,-9.48928516873135,-18.1669972968624
-25.7207154376794,105.03635130447,-4.4264441875394,-4.53988742361629,-11.246144478375
5.1621460301927,85.4903713715677,-0.73102279369476,5.59492159363177,12.8684154215174
2.88811327717896,84.7177404786302,1.26457450224028,17.9113902148007,-8.76042474071705
-28.238586257185,76.37498575784,8.71292490603429,-10.7283679059281,-7.69457704062978
16.0756432272868,120.412612131725,-6.85982112844545,6.91829584315473,-8.42708817333858
7.77289803586469,83.8574018471883,11.4690335087413,9.52790961183692,6.58172240788745
-10.2849805803969,87.0890475226178,5.63092329528615,-0.253594061341272,-9.53683813070966
4.8786460991102,134.366309594873,7.46020316566386,-8.82065493970557,-15.7637312509465
6.44971904708401,95.3349922555119,15.886710955827,-6.71147891305811,-3.60713591969948
10.2196232500595,99.8681908980884,7.9706362495895,-5.43630151375485,9.03185974055489
-7.08726665855361,93.0223996598205,-16.2878744368707,-0.679393298577421,13.7814083340186
-3.41270720616592,81.4594774276892,7.28387135276625,-1.72165802895073,1.19864574033066
28.2972021680416,137.437642670361,5.62144380939888,5.44611469949898,10.8486100055922
-16.9388592921267,94.7948573733888,-12.3990222207888,0.300559427304242,-15.8353490932944
-16.9505850059498,81.0351547564748,7.7018682723966,-4.08697301337502,-3.06325621866251
6.39274826303906,119.061702605889,-2.52297906493956,-11.1509179255531,5.23652678020817
3.09199788231272,101.702746160916,-1.82901251841667,-0.53382344091528,7.9176911095515
-13.211590109085,96.1571058379446,1.45230435783017,3.85231940089622,-8.11851866853574
-4.65525537874686,113.151582074308,-10.9456548955004,-5.10620610633961,10.2819229312436
-13.2958617260407,74.8259641768609,-3.4833208288198,-10.2410352143057,16.8950927920815
-6.0717283214887,86.7875185699214,1.94069801658219,-1.78572871603968,-6.00309583292356
-15.0710203911608,99.742271304766,-1.82285216594777,-6.83955385841174,-5.4507668905213
29.4180624150768,117.657753899411,14.2383338553358,6.81034950020809,3.1020540888882
-51.7950261290909,84.5306126776873,-23.9709082179186,-9.10763076659592,-10.9918392655016
-5.04146780013358,99.911017036219,-6.35393726576995,-4.16674964051578,1.95800115359791
46.3240982200203,127.941992876228,-2.27493541549191,17.6441622915027,5.72341041138291
-40.0411923072212,89.0277520225355,-17.510119657976,0.61691172434044,-5.19984045805171
6.67269305575102,82.5476031887137,10.4720799484263,20.1022900102608,-13.2866356061062
-8.74422628780407,120.492774754888,-10.7401945702002,-2.96179634224017,-8.8795001194554
-32.3594956199484,94.6166158225949,-0.695187219271856,-13.4756809020373,-4.57653365431209
-19.8899345072205,101.265110860679,1.86642844446247,-4.43829189160464,-0.188720484807989
-29.8312465446234,92.7089629874849,0.0891941189201512,-5.27559421794758,-18.3134094707414
12.1445793289156,110.28992983543,-1.85272308691169,-5.67704041539234,12.251144582163
-10.1811821636548,90.4726011282877,-11.8453821212949,-1.6848805856008,10.4312930858861
19.2498505049231,125.955483245756,12.3922300183787,-5.01305729105731,3.57498324872503
-28.5731087626628,79.8246542730595,4.93823069265389,-4.39608245025453,-8.960617359761
4.16323976503035,115.544704556744,2.64278162857667,-9.95692037849908,7.14116524172291
-0.739118241034748,109.411272020421,-3.19481871771291,4.75991050953288,-2.65454511852131
-11.6349736648235,95.7189858455286,-18.4201747685493,-9.46312867016032,13.2758251055874
22.2373830368816,108.890283698433,-16.0350758313418,10.521995466564,2.69827207799403
14.9509623410264,103.334557281812,7.15438393816753,2.91311235234581,10.2595838831424
-18.8156615677812,89.8848742863801,-0.894584607624674,3.34032510749914,-17.4177540540284
-0.511298584689998,66.2772140295778,-5.70570736123022,11.4529657900503,12.964598815845
18.9962494388758,90.9652323370329,4.09613139163259,13.1122300441169,14.3100233654344
17.7811442760387,106.204337775167,10.8619174004135,1.38503045668916,7.18165358786227
-3.6119738391865,101.344914145824,0.479913514806062,2.89500862013497,1.14038176876473
-18.2136842570977,95.7092074720097,10.8452500372261,-10.5765491733961,-19.9372089501281
35.437891262737,111.767903355769,-7.42488734061947,23.3434516151718,10.1055167245364
19.2614662532323,98.778581363387,8.82703749387949,9.69323244430948,-2.65537544480121
-13.1667319321914,101.546500611759,-4.96872108329446,2.07154669753831,2.65669901675536
22.7949759360631,80.5276967300192,14.4849592054211,22.8729102654445,-2.3556134837123
7.75542543724021,101.324374001806,5.44560533000595,-17.6117065901623,21.7174756180081
39.7036081753304,104.336382140602,22.8134425665309,32.9643713816012,-8.67713954910003
8.1107343139339,96.3515075390169,-8.42466510391668,-4.82103185492208,13.7753019451956
7.22233083198707,103.843488378691,4.73865994870564,-0.724224255026034,-2.01717730632525
-27.0729106617799,92.897238983272,0.822836705330394,-13.2283204579908,-12.417261502276
13.8901937988768,94.6818445814145,20.9906216158558,-4.87299244318796,-0.70788200480274
-2.43998005543794,137.323254538435,-17.2176184562669,8.88942499330397,-8.02769091495723
10.4267556178821,96.704223333921,4.27971247176852,1.42569996975913,17.6331454375378
-18.0192183751877,88.6025251043564,9.64278487964947,-10.4513583895355,-3.09511599755362
33.4281366140601,100.458518927299,1.54046862062109,31.3380280791107,-3.84665378865627
-8.67327165038137,97.7227346904981,-5.40176429702352,15.638629952074,-6.39314121447129
14.5187944998045,138.470050111988,-3.08910642450169,-2.10058425520929,5.76977107878529
-11.5283455289361,94.8649628515456,-10.7216740225284,7.14491622286464,-5.5010915434232
-34.5960230123811,64.9089063651924,-9.11964686169661,-8.51833943537715,-12.6026758181169
-29.7453418568743,119.0821647239,4.73392875760843,-15.6923444529561,-9.82268798631922
-9.250976048185,105.971751003838,-18.0532101456644,4.84599523209444,-4.50753560083689
15.157434798131,119.99783555496,10.3811203760647,-5.46753172374267,3.34412245448777
7.30050566305211,83.5398611254722,9.83470235171371,0.573310479882837,7.23420666813607
-29.4101461454187,75.2219856600838,2.77680657933525,-3.55165283088904,-12.8725557282326
-10.3180663736089,85.9830189593034,-6.01391238330804,13.8868589080965,-19.0789257807666
19.9637594444541,116.226795223741,-2.13895901490133,9.98227407307342,5.67338212301173
-25.6124438053652,108.524798006767,-12.1873143176523,-10.1037129662104,-2.81078377254618
-7.35968053273443,80.5980754900462,-1.42313044862884,-4.35513962522432,13.1913985179368
-8.68197950805849,116.951245283084,4.17995139615247,-2.21191254188578,-10.0132313845013
-20.3625414209307,101.594904155922,10.6935573450278,-16.2581407987663,-13.346126422704
12.8458218759477,77.589500575317,0.744250125227829,4.77545216090301,12.7675264741181
-8.70515801459131,86.4721287467058,-3.77665974047566,-9.02307862611801,-1.06576184139235
-3.9709962359281,98.3096718482443,6.88155726251967,5.78962915358356,-16.2212746633694
14.1253536600662,86.9094957374949,6.16765195743611,12.5606120642522,-3.40569695987751
-9.34823255933842,101.60714094262,-6.67583556213927,0.640660848426486,-2.83751450312769
-5.84692480204661,92.1881357958743,-0.799624978280903,-8.82597880761508,6.46321317492815
-46.3513312327281,83.8150301573089,-8.39623787265989,-8.68700201341077,-17.594112229516
38.9530928274449,99.2890354047172,4.40315677157535,0.211915298054957,21.3933574233139
-14.5279826407275,102.000766906603,-12.4167752351181,7.96792384826671,-9.01792762030078
-10.4862583105375,88.5204214120794,-8.88692927468021,-4.37791713098232,3.23811731852976
-1.3450511575026,99.3100996254311,12.2866577317544,-14.5817938076851,7.82325196633214
-28.5357118707048,105.689253993016,-4.24167232146912,-14.2919631961217,-6.43841937099136
2.36742273784287,109.668260730978,-19.3561830248638,9.42037325849339,10.4640093313375
36.2150716503671,82.4433422050859,27.6737162379477,0.302553251683676,19.178191581704
-32.5625252067126,46.2696459109561,-1.60088354436933,-2.01792022821308,0.309883851516153
-22.0657226188659,83.8068911597945,-18.9035906829674,6.74818536874215,5.51047532942021
-0.444975497626285,107.550701664348,0.617533214193158,-1.3438441742502,-11.0953781423343
7.76173199839981,110.089756349374,-1.56003571346329,-1.88967933448365,0.30704914890668
-13.7222875498704,113.767006560235,-13.5563520573233,-6.08080453522626,2.60488937784265
-19.9549787080792,108.164871317656,10.1691084535574,-17.1242276401053,-11.5090832470357
31.8961820029306,125.409033980705,5.10444654464535,10.9795844367253,8.12863599088221
-18.6992547359789,83.5360356115633,-0.469945848101556,2.15612631961339,-14.6075953513979
-16.8273998179798,75.160489396554,-1.97837305664053,-10.0206081308016,11.6723275708786
12.5608739755824,94.6971876129181,8.8744818652275,15.2113013658415,0.0295367657580821
-6.18267188585293,93.8577851563712,-1.36843080575334,-13.4950813497325,1.91380798762922
5.84971326626612,98.4275773535319,16.4746447437651,-8.03420232587763,2.79681202833064
31.7107434776076,112.706410727207,5.7027393901798,5.94141935796172,15.8867777404726
-14.808909366806,112.509547950087,-8.11406971518091,-6.18988663508158,-8.04491780950272
-9.73790133940453,74.5276541298501,4.51953658480104,-4.92372169832503,-2.25793247736979
50.5776624639584,100.002913131386,14.9222106598528,4.94790732145162,23.5502021518304
-24.4361873701285,107.54958963247,-4.56058804233354,-18.2878738570096,-0.321476620772485
-5.54950332721984,107.753010144498,12.957865546132,1.94324995515001,-21.7998320725724
1.99257125491701,93.2339346477878,-17.1150531346909,10.6960686405392,14.510453362415
18.9424671270105,108.146049933705,10.4532707212797,17.36437917332,-5.12388537476963
4.32282880091692,83.8352947499606,-7.13349842285303,11.5640968479364,15.1420884138103
7.150160655751,111.83651282564,-18.6208253342728,4.88857928390469,5.09385640132645
2.58348080578933,92.2759619947288,-4.33294521127902,0.780093243372367,13.0126893560774
-39.2414257355053,72.5695353135059,-10.1508711027607,-14.4744962505209,-1.59568568581774
-23.7575024273761,101.585810162117,4.9118472756682,-10.4828414374962,-10.2011260487614
-8.40064824329559,94.735249235011,12.3484528627282,-12.1769798345474,-7.86440336048118
14.8667000076056,119.667154862528,9.73495533938201,-2.91188520736575,1.26856274772599
-3.22490698053252,79.6427051443407,3.76447184947111,6.37866235737629,-7.56707629749543
15.9586320574405,122.544957892205,-6.42365564613049,4.54905683889348,6.1400061775094
-0.199646059622654,87.1938320886672,4.19627158141103,-5.90757745573361,9.10909704260077
-33.2665757300632,55.6787623538462,0.943903933102529,13.6071088434777,-11.4514648023952
60.8842401885562,130.8695579758,-4.816635811589,16.4046784980128,17.7729828967145
-1.95934911262425,97.2657767542008,2.30973832000288,-9.73343562063749,6.28976431419632
-15.995998573309,97.2687184093662,-5.33467492404876,-4.11763352569825,-8.95428113416782
11.1287254684054,68.2409345711566,4.20554536470797,4.43879474480827,11.1139133387408
-36.9761960049114,90.5971961149962,-16.1800664768151,-13.3790864203165,-7.32785921927577
10.482675241953,95.3446351108542,1.86476242764925,0.169443549106968,0.856693644755551
13.1828858395925,104.453771527419,3.16955667325694,17.8478636279784,-6.03531301405395
-16.9823022796691,90.3016299166982,-6.96370510815304,-14.5959083560741,-2.36037479837574
-13.8022695231112,103.771954970581,-12.3277361090709,5.0514385459001,-7.2043433898211
-15.0763356221385,87.1844630858938,-9.42053363614173,3.67784047679804,5.76181612949062
-3.56778930326105,109.767324569799,-4.5094731154967,5.91389682235451,-5.34959550844253
-0.560595853438768,132.786361979895,-14.1471935857713,1.42737445200706,2.45712815011376
-46.8069776946391,95.851211172365,-16.4953525218133,-14.935826358864,-5.02947008257106
-11.5456712291877,88.9995344041223,11.789068890142,-9.33402679623702,-2.846292341497
2.43216524522158,112.30902559178,1.43146491090172,-3.5821995403616,-2.97252625447043
-4.43619093596815,107.335652130773,-11.7968388457862,2.7132794563634,10.3556130118419
35.7360639002976,109.578380082584,15.7377305644554,-0.0744265469706532,7.40162818200367
-5.05777713689886,120.561290514942,-9.76081303845436,-5.56082139034986,-1.40932405724706
-32.5378780870251,76.4969128853949,-8.64825823639738,-10.6293553385794,-4.36851039742937
-18.8978061078651,104.279793609223,5.0355610690901,-18.8938837065827,-3.00635071437887
14.7945014766663,109.957709317535,10.5958632344921,8.92079338303245,-3.59422102008576
-11.3589005553019,89.1139049237562,-11.7736284192638,3.94753576061173,0.931549752426299
-23.1738378809812,105.250944576801,-11.2857577032604,-16.8675173156711,9.12520857627909
29.5651069431307,110.695636590894,12.8601365611581,-1.50284928569191,13.9248087969083
-22.3410587161883,94.3247859181476,-9.31931009182462,-2.04119690161147,-8.78054244508279
-24.7312140323529,90.4997048040912,-14.4221235080536,-1.75912352861278,3.37339954715076
-26.2151955372624,101.261550834637,-1.10196961954802,-11.5142765884575,-8.52159721546155
-12.3975602874962,90.4354068217205,-2.53803347907884,16.2016097844263,-11.0032188611339
-20.9839944829131,104.403842729911,-3.68351331693621,-17.3188000116967,2.66704407483438
-17.4464682783997,87.3038085753413,0.96510832001088,-4.32295108368066,-6.65702995507748
-6.72093633396552,91.7542331660155,-21.8338945704872,-4.91361648198153,19.8722974148603
1.23545260278811,109.762063809248,-2.64085984912,-9.99018826791959,13.5302063094612
-13.6431515521129,92.6750200859527,-6.92864492816431,-0.826575963056611,-8.3595090574943
8.5346929956279,110.110339158633,-7.27261869798314,8.39287394478661,-3.66350820093192
-6.61623948390046,77.7410170655626,-1.2017201069802,3.62275558957703,5.73573667467813
-18.3361591826451,106.951641832914,-3.17459311189427,-7.15963954636965,-2.93687039767529
-2.62723147108377,102.540658188038,-5.60138445262186,1.80301935960492,2.95409787759365
16.4673065863477,106.464220848289,7.16260891903771,-7.3755224176471,3.2088668654412
0.189997714199704,102.056097020407,15.4440645377111,-9.59816872245128,-7.30990732417615
-12.258400620213,95.1858669153814,2.18858724816995,-13.5007577085114,9.82476848028453
5.83389888293211,108.361899478259,-9.93888261654166,13.3657706867815,1.90761929205629
11.645761486038,100.866115991462,4.15932366699388,19.8023531595644,-3.59767686743103
26.982575106788,114.183803039854,4.5955452790463,14.9462156484053,2.01322947079145
8.68327412228494,87.4504462114351,-6.37644177030115,9.26975372680882,0.0333537570103151
-5.75397134888937,123.420434323447,5.73307291590084,-9.55745667739421,-13.0113842878048
20.9036025302829,101.84927707276,6.55666284268419,8.78527895266961,8.12814469685464
-31.9419909094384,92.3255916403549,-28.4131207597963,-3.70985388094811,3.11520759877284
-9.92308261856375,85.0065858458014,0.376135415869341,15.810307064829,-15.1520014060648
4.34608103725754,88.6387672322782,8.5697029014808,1.39853063275288,-6.29311696104691
8.93702093224537,83.7418641397857,-1.56632870761396,1.66445695145837,12.8736662869682
10.9670989287209,98.5182339434398,7.32842504982439,4.61045313167134,1.15616010346021
5.40192533827588,79.7708708734871,28.7327496049502,-8.97657888670429,-9.34229817840148
-27.3639460403073,102.425990037076,-17.5295477500275,-4.95731660452256,6.97912144138083
-20.3555958582545,76.1536787557235,5.64415070204557,-9.4965403702656,-12.8701344848012
27.0582198682725,88.3726490896274,13.225819174474,0.0622188139039403,18.7967175273482
-2.47239875747894,99.7854404593055,1.9522262079417,3.60777130398444,-10.5320642595208
14.43828473748,97.4771039486675,-1.26853645015923,7.23028381093837,2.38688151697906
31.5817381680191,121.507527362379,10.937336374447,0.545656482286215,5.10379846968464
6.39367358250061,92.0767437023855,8.18330671415793,-2.06971241863964,10.8817600860638
-24.9079954861601,87.1058515671562,-10.4033175756485,-2.51114418496826,-1.56730478495709
-23.3161143612661,101.668483011575,-16.6546695917218,-20.7554271829726,12.1029268561856
19.8680932652479,98.2783721442199,-6.41880461721044,10.3299819782359,-1.35691762982357
4.57840815938051,115.879177111562,0.950260054338504,2.3461566806743,0.321891040926075
23.5676579226778,106.487576862307,4.68081896791475,9.56867186744297,2.04697037267661
20.3845255459894,118.563472447049,0.0196416458039204,-0.542605072244249,11.6441593594959
-25.7345100796618,103.374410514084,-8.75532432168564,-9.67876805769322,-1.84806089844515
-7.36956097458827,80.3504393688246,-5.13222127990843,-1.36920598332016,5.96147847636149
-32.3014794718493,112.969643640097,3.12358981052503,-9.31254613102172,-21.4562627613945
38.9787302451345,126.704147053812,9.83057310512812,-0.565418264440968,25.4408115044816
6.01609638245987,115.072972870734,-0.00570033674701597,-13.0979409955482,6.1669787780243
22.511779583287,121.207378982045,-0.775689625677437,6.48659749541927,-3.9318389213714
-34.0766161708577,93.5383672548485,-13.4594058134746,-22.19713261383,9.02583245969519
16.5696467622781,126.392657464278,9.72238703638583,0.475168983958383,-7.80995746651423
-11.651636173484,95.5146498746507,-13.1427164876524,-5.40668308119474,12.9144862544163
3.68034426514838,106.533459362992,2.08931764337276,-0.91999917012512,12.0121983516361
11.8419351363645,115.063529062804,7.2376658133978,-1.90463738434883,5.12506379908005
-1.49156690413011,109.309263653575,-6.1282549029548,2.48207246168937,-13.2484773955257
30.649560228559,116.152587078692,7.25064497690145,4.80043645097591,11.4387495705221
16.313773234745,109.673511988313,15.2016698968838,-12.5020018241897,7.36607742143755
5.48890940308868,76.3180779216327,17.3819425547886,2.27812956651642,-1.35817125899552
22.6571957000312,87.3839168593782,22.9752867408294,18.916624799022,-0.266501715744534
7.45266480074774,102.644185252245,-2.3291672527436,7.30936822816073,-1.18417152530435
-21.1409979128767,71.9980246958859,-5.43079782675906,1.4226287887614,-0.642806793105201
6.34643469197733,109.888276393486,-6.53431734950946,-7.85647558202802,-1.16779767911585
-18.3785176508929,121.619791609428,-7.62134696678711,-8.44191885383894,8.32203700858823
16.0819555415048,106.294092153271,5.8492530315042,2.52033603896866,-3.78281726824213
2.56254608944916,74.6728780448923,-7.44525826240059,10.0059074025529,1.39648187185473
14.4415910723429,109.785205646204,5.31012760795155,2.75729528350835,2.86593472785049
-11.4715622318332,101.56197597729,8.20786439691455,-15.6339954990167,-7.35666446256834
-32.2433886803114,94.8151309944226,-3.38589067973847,-6.24018927557037,-7.45256562319592
-28.0133099305351,110.732463180946,-5.89073887094062,-14.5712117021927,-12.206140884799
-19.6085638064739,106.812678283935,-10.4939107577387,-1.52110705545671,-0.993667789021196
-23.6960168876366,80.6881280647273,-6.39215421940859,-7.72409498811903,2.40225788444744
-10.6020283807466,83.8573355589808,2.30877440361516,-8.02411849037591,-5.98141687482739
5.10623495169499,98.6827238534238,1.3267451735156,11.2537461725291,1.43277336817655
8.06226356327713,118.795795219548,-4.6027057140526,-1.07800846455278,-5.61154386721627
-4.01213776505204,93.1999198026306,-8.18597408118,3.34016459038437,6.60445555515165
4.01441026865591,86.4386677184027,-0.970539642339776,-11.6806001555655,20.5050645789987
-42.524271121187,109.764718247954,-12.0084926102327,-11.2841544018711,-23.1505073427929
-2.67570168469959,79.1649311006869,12.0177485550098,-1.57808601149563,-5.43955797548243
-4.74036778576715,103.289267806168,2.67958063620727,1.22047571464891,-14.028630094315
3.09157128698584,90.4149547899274,9.36087224030467,-8.01878524544219,8.48106058042755
-14.4787246379081,98.1318476426885,2.18846638198456,-0.221929268595784,-3.75360629085549
-0.721694422278792,93.3004576083739,-16.0356773639971,1.4165931646409,19.25144311041
29.9315447702317,115.287333708801,22.3913935048674,14.9117709880019,-3.41199170581004
-22.9497578128291,88.8162031122471,-4.00742121440255,0.494719004705415,-20.2713203645337
19.2317711489158,104.746114127728,19.6597000169329,1.92645142259355,-9.2476633893324
15.3852690128929,100.805900532109,2.19327034654335,-10.2538088026905,14.3079002217763
-14.4811515374229,74.5543351546747,3.6878803384852,-3.4525776708283,-4.62004488933219
-3.41529435018644,114.40486866835,1.29341248074452,-10.1589770161285,3.48732929836373
-16.7176010726686,88.8756323688158,1.66349158820333,-3.77186759517585,6.55121393522735
23.2309508695168,96.237159096314,14.4581321681273,8.09304683159272,-1.47288863184494
14.0752740870913,127.154847984454,0.232775787306966,-2.05759176250669,1.72986089921727
-26.3372843145126,108.556690909612,-4.82008771047623,-8.7941233206429,-7.46441958594047
-37.4917733294157,71.7776387541503,-5.91485521520748,-6.0610196927654,-1.30204126840481
-18.2330568046668,113.156367221727,-14.2170576782308,13.1787587301589,-19.2724219829107
21.0934029518868,108.584924251962,16.4217954493353,2.07316435052976,2.06110992933137
7.53556310962408,96.9849876604832,-5.8558091108229,12.0647955875933,-10.1041647408287
18.8744732627681,99.03160281996,-2.98155421830196,-12.0861780625053,33.9644964521203
-26.8426360614625,82.0848609123253,12.036595090941,-21.5760784164554,-15.9074081996368
9.93194570630224,94.1905147296535,25.2556001339898,-11.0093925195687,3.7382036104897
4.68583602102408,103.185299757198,-6.61453829981571,12.9232022963075,-4.03981900177499
12.6297023520529,100.415528362468,4.55062702610225,8.98699974474541,-5.50512968828805
-12.0439624957144,95.4017851904361,-5.08229622962438,-4.38252008164248,5.46245655917371
12.1388842155202,112.788304183246,10.7474243163709,-0.803805500194767,-4.82226454701729
47.0051274030239,120.395453598377,18.4600975984395,9.25113802237324,19.6150981745449
-6.86267435053233,86.3098659883208,19.1513960019391,-4.79635664190881,1.06533408688583
10.5802937639403,102.767489128283,-0.151216881214357,1.96525423495671,2.55821233608129
19.9499477801955,126.251206638506,8.66286161361225,13.9239152397447,-14.069467751243
-0.655211166260981,91.8433424961924,-5.17095744336264,-12.051286628579,13.6547291433541
-8.63783652482864,103.116908020427,7.98892410040783,-11.1908841292588,-6.27640986988458
-16.0039276607767,83.1585079312417,9.49158890927798,-22.1888014636785,0.611048140361381
-5.95451715481288,93.6470278868429,8.2716371222122,13.3921402383443,-21.252278083168
10.7164107770914,124.030179323619,-6.25456809952592,-3.65618848536049,2.5670042397191
-10.3569143503374,91.275968545847,-11.8061251974376,8.36037198480468,-12.2591933408455
29.0720902029199,110.495698098196,-3.27083940043106,8.80351533719123,17.9320852140554
-34.9723749589116,46.6107807096168,22.3112713994683,0.914522362932228,-18.4407544081934
0.42912055429861,95.8154847898485,-2.26273407692706,-4.54505629775182,5.13353678397239
-17.7641518662377,120.05199809986,-7.44816696840947,-4.85482794516617,-18.1654728041324
-4.92334097733578,114.030370497384,3.39161023661839,-0.956004349618508,-2.89839995664064
-12.5046037249247,87.5637239321926,-5.03041306727771,-19.6746639180444,20.9379209072846
29.2300383056827,127.791490195503,3.55480061956357,11.0330990830012,8.10886518141084
8.12735571008625,111.430875186481,1.53825740551636,0.881344424840252,6.81650522626799
-3.50496510681691,98.8452444933789,1.3010154312084,12.0421298119429,-5.65867500626374
19.7330657268357,109.17513492819,-14.8844478220879,19.5325011540693,14.2004685587111
3.99676992635113,116.50854443952,13.239664529735,-7.06271355292954,-5.08787678046625
-18.4948376186407,85.0172235014634,-6.68522396581402,-0.993176226219129,8.786695814177
-1.212726593263,98.0970619201996,4.95300064243483,-5.97643842726013,11.045279071791
0.414815805526529,122.073850426378,11.3629062019436,-13.1826280541152,-3.81930492455349
-9.16372859232008,122.687615032442,-18.0350305449268,-4.37473013116636,5.13370729635304
3.29577795709801,89.926020479014,1.22494544672914,-3.34429541739042,3.4969092357963
-6.78898640748324,88.6647180202924,-5.9273275728976,1.29772974298155,1.03838562296773
-11.421614528316,102.901261272059,-6.39591218675717,5.35394087894046,-7.14339837825109
2.76938235034674,110.732227625766,6.83097595314768,-19.5228582111641,0.949478718367299
15.9456132673258,95.7620894294581,5.59168941131745,-5.32308685374308,11.1412185222258
-26.4658903013422,114.846415417647,-11.6456130594227,3.30036539897169,-19.0865550886854
8.99339859261396,100.778354613475,17.3382720271852,-3.85926817820376,-14.3525160305308
-14.1724058367747,123.390360990417,-8.10912666330635,-3.71755492900054,-2.08064814207633
-33.2950322732032,99.5505452909153,-21.5406380545876,4.9071412069128,-0.635397401877702
5.62411717181726,107.077117605803,2.84224101156757,-0.671839754750718,3.36901279760134
2.02001893287499,86.1521182189764,7.9172840583208,15.3131056860285,-5.18997659738075
39.8734539569838,118.086373011178,23.7307429150016,1.89423782529404,11.0166670090204
-51.4907957731054,95.6753098802706,-3.76965002751329,-17.9306195450007,-28.6735527288608
8.30554814627628,90.6775439877215,3.4921692605673,19.4530186758981,-10.2815358735243
-5.54564421776462,84.447644248347,-7.33001797898127,-8.16438654678741,10.5378406722176
-14.353826730318,118.026165544771,-9.14285377629656,-4.87342597062952,-2.78847855516568
28.0528125906805,96.4845748108474,8.84168515232208,11.5537489164585,5.0265725116168
7.95753200607783,102.115485551989,11.6685948585954,2.15283253787673,-11.4300653384419
-29.4664606101449,108.594233911418,-10.2335181109433,-11.0019327227487,-9.71186540213838
3.18956537738757,119.471340100506,-1.80956051994371,6.82379370264103,-10.5778548925326
2.1474741549123,106.069369164684,-6.26496835497726,10.8407081579659,-3.18783204709813
-5.1212183969546,114.098966531032,6.67515413274232,-11.5561771390034,-5.13678225207707
31.0612480290251,110.046016998838,13.0291148989969,10.095603467961,8.69560180498357
14.6231112566168,89.1886097896913,2.22647526321235,2.51153574262888,2.56150998200271
-12.4279659858345,85.53953527273,-2.18502325540986,10.8609978180673,-14.5321438036221
7.99057438683635,114.785059617251,4.95439802308258,-12.6481052655132,11.3526387375998
-15.5797999600984,114.005298101696,-3.52416543219527,6.22206921761872,-30.3468239569158
3.01387474642577,73.3530302013922,-3.76020248931194,3.01556369477855,15.9296573857179
-34.8133001195656,87.9126288979288,-5.2958225724996,-15.7309554434688,-3.07313591212761
4.60763970619993,101.79095347913,2.24771874632409,-2.703107848678,5.02727683756279
-12.7452965157655,111.345683451402,4.86983994363358,-12.3037358351468,1.75267311812224
-9.72848724234336,98.6063113091728,-17.8275302499396,-2.7370894698005,17.2662212765852
-46.5477508743736,93.1707315106785,-13.5227031432226,-5.6672971137689,-27.3291090995721
-5.02835754970645,101.849618347729,-1.32773078908133,-7.76098663292362,0.83569525921066
-31.9466532408323,93.4189104347661,-19.6443265577591,3.17793669822081,3.3166683440732
17.2242714818094,84.230048307968,30.2108032887636,6.92129216986202,-14.8285017372151
44.6391457196109,105.970076352857,13.8031911849178,2.48866043338978,23.1100420288607
28.3645503897503,95.4105928608035,16.7612331487862,2.59346249623182,11.8547473128034
1.66331285090415,106.534047755415,6.40296650204018,-0.409672821491111,3.5701176831397
15.0626629261257,126.566574267866,8.56381954634819,-19.1981532801566,12.7055205653008
-3.37874980570082,95.1918341221666,-9.94295073096509,28.010677638743,-15.5805739293637
-9.39996691781943,93.7433082447838,1.6815517343438,2.47707118987353,-6.7798888224527
17.1499293622081,107.633127848352,10.5432838587452,0.882770136706425,3.26247828479775
-3.86283856283593,116.831112353022,8.20734137982345,-7.66231430939923,-0.63618497621737
25.5620033354183,94.5824734186306,3.92457474714354,7.02115572453814,2.95265641700601
-14.3250795814288,99.8867808992231,-17.929973968575,-15.1449123798303,16.2167136192925
25.7917986817143,91.1673317894416,29.0668911957668,5.84822355232583,-2.37602170506357
9.75988974774302,98.4399177633536,-9.49229612005656,2.50046387578875,18.4650174924606
22.5840767937683,92.955667831727,8.82278739274241,17.7647239822604,8.17504369190279
35.3166734145302,102.201244473531,-11.5624459234683,22.2637654647613,10.0228953302522
10.2008801084866,95.6762176062322,17.8588789272698,0.293779085286266,3.41518495203861
5.76872906252383,84.2359389684242,5.98610087170012,6.48614245813094,10.4637535100401
0.839766933178448,96.2940355094443,4.61856406112281,-4.9533391468332,1.61601501470402
36.3891294135515,99.9815960242462,9.51825634213036,1.78879114631801,11.397639691235
-20.9542706835057,84.2949000017694,-0.218234701337339,-9.41762584057448,-0.257342840755179
-14.0476972799849,113.337571381906,3.12374661613826,-8.9101600703959,-11.2076615994633
7.68135141938586,109.311872625437,8.18098712132582,12.4699397553718,-16.9407148219014
-6.72755131406352,98.799430619824,6.60457135706145,-20.9031734296205,15.5615149814068
19.7710689182924,97.1136429050598,17.9287177433604,-1.44670049015441,10.3789380633371
-13.2382376314621,114.367686779833,-11.7776328173334,2.15396372123841,-5.69741485867931
-11.3454337541417,90.5903288380279,0.225307160861876,-3.74754811110802,2.29105588161188
-3.328945598543,107.634186737525,8.54658580788528,-1.42394038233435,-8.28422067379434
33.2551377115981,120.96828460159,-18.3815396157243,14.1637450865782,18.6283463470967
-17.8082669023189,85.1464609705735,-22.0119113124823,1.44994483430925,1.98699878115502
-3.56988267701183,99.0673667197496,10.587978094725,-10.8316991680724,4.76783986672358
18.7016743940264,131.574621279347,-3.3642584189327,7.77084996382082,8.0590029663996
-4.28665173111258,94.0357396040366,0.914689874695802,3.10628042784643,0.819697817466154
-9.3622028529711,99.4129561251062,15.2405254600277,-12.6963502166636,-5.64495818992139
-24.1737344362322,91.6920219869389,-8.0577858784435,1.4463177508532,-3.49535228048804
-56.467692455138,66.8431631353816,-3.19024458220737,-22.1507829813798,-4.00393350099618
32.9492844852462,105.604474374378,28.1320776439504,-13.5507049741717,1.24401383154687
-7.39038009243279,101.487450662623,17.9309580470418,-10.7280538750125,-9.12970714239805
-7.78646911920519,105.318027114386,-2.36910953661033,-9.94725769102959,1.00718130642523
-7.65118072487058,109.442051460127,6.40464552548204,-10.4914207186998,-3.02630294651926
5.22211275751392,120.735552735037,-8.46494413188161,-12.7827145598618,24.4176770479505
14.3342474989265,113.755842891454,1.82651838859331,8.85948812990403,4.45302437792902
39.2898390159568,104.631633765692,9.23122764321509,13.809579575353,14.0377104802511
25.7982605871609,104.163473402903,10.2973601986347,4.9531408148943,6.06624992286013
-22.9814107610467,97.3876736462941,-0.381221315285119,0.306610619953566,-7.31162062777385
1.88467897326987,94.2956312398292,-7.94058927050416,9.89165950561534,7.76513174947535
-11.7812247263077,100.23008474392,-10.8825190815889,-7.53260101292301,6.66576360075851
-18.3515716383667,82.8262218118844,12.1065853119065,-15.0494570549311,4.02155196663456
0.482647600544105,98.5517957504094,-4.05456643484397,-3.47822407339753,7.44968873001375
17.7432416977376,115.512502137188,5.18483830939776,0.232796301120586,6.51399153927212
-0.103882686779513,93.2723547003208,-9.76796148007407,-9.95297916028123,4.34631014175811
8.94964747130314,129.066946874142,7.44443018844406,-8.68469328066182,-19.2191321966805
11.3603866518098,115.870431977416,2.83148086752443,23.1406757057699,-11.6851972960415
35.4244885313841,103.190045613835,-4.12168229183182,7.8399260287573,23.3822343037432
10.1385885148936,100.881218677623,5.24569554747049,-7.58127061168831,15.9606991371253
24.2076678041476,111.928438017224,8.42070795512494,0.78776510466647,14.0884505110552
32.2661642654976,135.958090210395,14.4978796395063,-8.86266205362041,14.6641254053763
27.5046206015484,94.9596841664592,-0.769670743586043,8.53050847522917,19.4324684852335
-4.30715619921633,109.969171711872,-14.5496826568355,-0.0171391467930143,-1.07818019787578
3.11361226981943,79.245082213986,14.6221797192869,0.539423226819581,-2.21573091285509
30.8378561988805,144.021946866381,-4.15838216079258,5.15522691437339,9.11668359714567
-1.02512514705873,73.1989365245716,5.73135243796973,3.38776742338491,-0.261749747649975
-31.9097787999093,87.0637000859774,3.49551318582505,-16.1136148090415,-17.7227564272941
-30.5115098773171,89.3156861599927,-11.7665658351133,-5.86990454122826,-5.62315314797831
-13.9543286891446,119.118056102704,-7.39696339007721,2.79165841086528,-20.7913969192543
-13.7409086901583,78.9518833422297,-0.20023552563089,-0.953489578370303,5.63707179938255
-19.7306959393245,108.123436826813,-9.09840449613506,-13.183924554742,-5.06113474347352
-2.65700705364989,88.7922989612282,-0.835733110490058,-5.01692271673553,7.81614728023402
3.05363788856222,84.0577916802287,-5.53981662062041,19.4576923895617,2.66258098383188
-10.7675082416779,101.242519515187,6.09879680976873,7.17711333413065,-9.53794295400331
18.5733187141083,106.378435739138,1.85947821326885,18.837573070232,-5.26310397525001
2.72005099442316,81.7346591969641,1.58754318177828,8.97075163075176,9.43460861446574
18.6542935401999,92.3648809579932,-1.99683451919821,-0.90048621794734,27.7802808946915
-22.4122354518222,90.1876797360694,-1.94024912494994,0.220583215726673,-13.4833758494188
7.00696818329339,107.54194569462,0.39246213808664,-0.980956322857915,-7.76735335078277
4.42693964263043,100.803493461328,-0.815420875240613,9.22189258735533,0.86244146591061
14.6241103795439,104.37962249034,-0.607310082389646,1.77579728037472,2.40865611479988
2.01959866234257,95.1959239099701,0.218976331957237,5.2703819958793,11.794819780451
0.787046804912555,92.50821132602,-4.63833407271141,4.88252885175395,8.03719614230318
-8.57418550668776,100.257885637733,0.929917157797504,-9.4273697027074,2.75847666177259
1.00314081153547,102.178874035113,14.297439992451,12.8421610579252,-14.1368616992468
-6.27115936173277,98.3227679243477,2.94049523532339,-2.47371130330026,0.410498402155868
-11.8666910691038,116.158630971057,-3.08830741044435,-1.87980482549757,-3.98630155556469
-2.19870489237056,111.870800926365,-3.72123941870739,-3.8251659312821,2.84664771253384
41.3475661971925,111.033923300035,-6.15259658906561,4.36936733131859,28.1746838620323
13.9343233036601,109.269276828615,3.90859967960926,7.71181441742382,-5.43122337806744
-8.69594548530527,71.2231622011506,-7.81426235681171,9.27545526324088,10.1200103163418
-0.599035537508474,87.7755423240594,6.16749287027318,-13.2440745342107,14.4052235190482
-29.5803615580131,93.9682116245827,-5.24166277779633,-2.87890064023572,-8.15432677178736
-22.4270044686843,136.225835246981,-12.6864928804032,-10.3622635582927,-10.458170945618
-23.245389214361,92.5969156190839,-16.7702109674225,1.73235422542014,-2.62224607799029
-23.8587343743103,124.958335233276,-21.004328059532,-18.1529727605181,5.55350052792339
-4.59360659806623,104.048554136561,7.62662033013757,17.5041572856948,-10.1345045137866
11.7883847966097,110.719318466466,-14.8287848036749,7.87760144271739,16.6443033507446
-23.3035304745613,99.0693261496353,-4.95286946359483,0.424549030176679,-14.3065507678271
8.55394537088396,125.021361791407,14.6764070496638,-6.9583135590943,-3.26780227493815
42.6831337904121,140.396631255278,15.9784694152987,20.3192467410619,-5.98373564667102
-18.4819364029379,80.4546406250965,-11.0860134733605,0.666627368069274,2.99450528808933
-16.655364071852,83.5561073750799,-8.47956461484058,-9.6194925608964,0.951518574881299
9.00446023905417,108.32229441357,1.29109816194457,-1.05956728104617,2.50305743336777
22.3987830605563,112.335989064322,5.73168777448947,-7.393752425866,14.2064505829631
-14.1464394058342,82.7084655335634,-5.13170959197049,4.00942273352141,-1.04500778997624
-1.28669916717568,95.4676280773322,7.55643219793427,-1.45498754264142,-5.73893962046485
5.33804146035025,109.570015335629,-9.19900669756282,-3.47361981935149,-9.55769384274924
3.13140114753489,101.092139459947,-1.36353406794307,8.43406469135042,-0.495003089577894
10.4496270533244,93.2734299566536,16.5238148000275,4.16108103688075,-5.81452303611192
-12.2731931500065,99.8324876228389,-14.2816880112639,0.0080520363140353,-2.67188716414221
1.59462739251674,87.7969258085929,5.47883136385177,-3.48578909387782,-9.18502566161669
-10.0186300949987,81.686912708936,18.6055383954304,0.100957949054484,-20.9447700671936
14.9020623990255,73.7475842669567,-5.73413349088551,6.95597248417897,16.8859856099419
-4.6519788232885,88.7752304514837,4.41087259694462,-6.55480648631871,-1.57969708447615
6.92142996171787,94.3449305759754,7.52178447338813,-0.381883220504858,-2.86801575165018
-29.4549533309731,97.6349773454071,-1.7744026788779,-4.06840151887257,-18.2308769443995
-10.4272069065636,80.8371417409883,-17.5934249978405,16.0784516483793,12.0021847079595
-4.84034582336133,98.9488342818184,1.32898460949992,-11.21219660083,5.40950016526203
-11.2544180826475,93.9578832154036,-5.03399699680789,-0.994241590689094,3.62192784962624
22.6553863481351,98.1843963619926,22.710842864539,-13.9522875346477,11.5149506327992
37.6391387619672,120.161151761869,9.84070887731859,5.31956031435638,1.44852187963279
2.292428855407,80.6568513646429,2.47310855253604,-4.30838310352314,9.85699054164633
13.6560970145771,104.555164316172,1.41275453078388,10.2642929359562,8.19553503068608
-22.9476638502148,90.7024922143814,-11.8044216158898,-2.00386087092145,-6.76747151713288
-5.18402725867723,82.640046705471,3.67774274173415,-1.82280601552421,-8.50962049390532
-2.54759525375398,81.4684953285683,3.79733436439296,-3.69675084994033,6.43693858585717
-24.8107157183002,132.416991871637,0.77296304393716,-2.15969112578364,-21.2585576201235
-25.0619983812579,89.6453580810561,1.75583158374901,-1.0547302228644,-7.97280988192334
-31.4430076025288,88.787319859644,-14.1253518582393,-0.552797561174334,-14.9471682317349
23.9705633361396,91.5295819331849,22.8121851007353,6.54610835149219,10.7930192212495
6.56111236753331,106.288124905265,-3.5774231094777,-6.95662198083336,7.88177460308869
-12.6389986536625,119.114888016956,7.12838513907451,-15.6243133316723,-4.42779108366632
-26.9209908843808,114.832611318759,-23.5043692561203,-11.619469270417,-0.0934672543737329
19.5062428518832,106.720771615918,0.125129033263716,16.6157885706354,-4.70086253208001
37.0085036717614,95.0773973519296,17.5287004491625,3.18297037481362,5.31606871774736
-20.3438155422974,98.125397708735,-9.41721867753948,-13.3342415436074,-1.54211833058908
-32.0891679409876,78.7862952444414,-12.1834920601518,-5.28742033468466,4.72228636291479
10.386061231025,90.3923138010181,12.7075943803604,6.57235285899262,0.283676672732817
-17.9090110666445,118.392971623142,-8.3558178789048,-9.53839094449567,-4.88856903192919
-0.0801376901504567,124.596301546998,0.0969414417869388,-5.40967146522352,-1.99437156324028
27.6497693970679,104.498873485131,6.30397585329966,-0.553559781175324,11.0760928344764
0.968555078802324,110.499776221563,5.21156895576732,-7.22278169013315,4.24393333180309
10.7456891213956,118.348449256815,8.19991664149401,-18.7933515404607,10.4965349147015
10.8660018374585,121.068645825566,8.15068767411375,-7.51637610340385,-11.1211112725854
-18.9097911691313,100.275345483802,-6.23362006613324,-8.89857986196131,-15.3330865340253
25.7749037033799,113.491706837907,-0.211581149406011,-1.23352653648695,8.17609897497544
5.71431263956071,125.201361908167,-9.02186997212679,0.657815477992613,0.735582552297576
-6.12636344240804,88.2788163338579,5.96740992589696,-2.34685560776942,4.88213967872528
0.0249141485380016,107.235203075036,-10.5162804095153,7.05960443426706,1.88858265946517
-28.1693278309735,68.7370710693292,-2.87589747470022,4.68024523987861,-3.60258039022701
-9.27567323575835,94.3977064461847,-4.82302043932585,-2.26226671512015,9.89208963009858
-20.4233140981521,88.5242449126922,-1.49695775656169,-1.48529619874929,-4.43246910051678
-12.5390469993302,107.540535514825,-4.95351170802545,-5.99228209045882,-2.56199681528461
14.5055467513207,93.1126107672821,-4.17690585911201,1.79238007901849,8.89910967534192
-22.0086725140006,77.5966694064744,-22.8486626701919,-4.0604740377737,-5.06475744881434
20.7619130435949,120.894573808678,4.86232764475509,-8.54044434392804,-3.43324347518958
-2.36542576460509,117.064529840976,0.269362328399171,-4.26151909415108,-5.36786143451428
-17.4215047618904,74.3799345257422,-8.11921451765753,6.03929070932119,1.14402217721167
-13.4641076184101,97.8818470838711,-5.27086212407638,2.6399704296473,-6.05874636964381
16.1011019483088,101.935472757894,2.09450502492506,-2.25585282566199,11.2039642783959
3.60294163119056,132.067529248735,1.35521246405506,-11.518221599405,8.28034701307243
2.83713915711741,93.0966269149097,7.65780006824835,12.2634096503367,-13.4096054936617
-21.0866825826876,102.434673085366,-8.86162918146545,10.4527686217706,-18.7705967573196
-0.922462122057889,106.211939086698,9.00608565203203,3.58223141792077,12.0839458962359
15.3400081548126,85.4258016290555,9.46310121006062,13.8210962790006,1.50737232990894
10.261059073949,120.213951309402,2.74366044341695,1.97546888977445,-4.91864015661577
-9.16510737133653,114.361591156139,-7.53265094690314,-5.69574808300217,-8.12487905793728
12.5278767451061,90.1214319350917,16.6656963644204,-10.2290399015643,7.40083114603395
3.4785695065684,108.025128142481,-1.25334224538543,-8.68040905164254,6.64211352684293
-5.28348185522195,87.7934132780611,-12.8248872463594,1.92868626409696,14.0788543450716
13.3539528217775,105.330114651606,5.21010668735066,8.55114077104857,-10.5151547377117
-14.5939438678999,97.3900621356779,-9.32601733602153,-0.877715094696969,2.68771300507051
-14.8752831058893,87.5707279744118,-13.1834130189546,0.542360067732158,8.50246914789375
20.1480116323003,108.987683190786,-6.27725410194277,4.58587009036981,14.9170509825422
38.5420495916207,108.622050677577,9.2428723932428,-8.14637590839959,21.695094960632
-40.3203969061557,85.1161485848875,-10.8815853806886,0.678287345102952,-18.6439772911409
-12.8007525781327,105.06250822194,-7.23916477522115,-12.8827276410501,-0.817623241934986
-7.60944946245656,107.136381491338,-3.84234425607972,-14.2668481538685,-4.53648066781048
-0.684827466035514,99.7096602686186,5.67770259378031,-14.8466933461262,-6.77509503017693
-15.4681004718694,112.283994117513,1.89732065014577,-4.20630244588378,-25.3005567518812
12.9868692879681,104.777367378015,-2.76265194122405,5.65578391020448,3.9854342542461
-22.4833592321675,87.5949298643875,5.12805786764802,-8.13120084949754,-5.07428561450619
-15.0747647177795,89.8565215866057,-22.2758511704876,8.35748833809651,0.544463630955322
1.65683205828463,92.4811417808146,-7.35729797866488,12.8129274517561,-1.62368064859482
-52.9963424350159,91.4474958645854,-11.3382195121611,-23.0101179815827,-14.0293816573988
-15.1579804161483,91.8942100615233,-15.4819165908958,9.62015924058968,6.97362495948351
-10.7680565074541,111.567809434716,-6.94052336522468,-10.9305207823104,1.88597132619261
11.0735974610373,94.288728111232,-0.0391794141374151,8.34811708457238,0.888634212719214
-14.5636086120947,91.9772630416186,-1.07986141575446,-19.9325570089215,15.2921351785738
31.3337391204388,123.535672203386,-1.48180449600433,2.28156848862912,6.5691462184047
4.37503408428468,113.090892517892,-3.80744490479082,4.08717003037609,9.36195576872573
11.2750622597083,95.0146619313572,-4.92449418838927,15.2655274083547,9.98805039361655
-3.36092827669724,91.8714726312558,1.35550854562672,-0.563769089092148,4.5463156918428
-11.3081312329906,100.663293228778,3.23739848279404,-18.3087586764481,-3.88758326066456
-17.6870168489959,98.6871957431066,-4.52383985284813,-9.16511628092231,7.15821963333783
2.45734838720521,109.447175392479,-5.57283547007395,-9.51604130737325,7.54338437912334
-12.7026124335022,113.656733995847,-8.14467777445984,-5.82656383365738,-5.03306009000468
-54.8389913747692,89.1583960249467,-10.9318125756455,-22.861543639873,-10.9442823074463
-9.76822063274842,103.0967451114,2.62179069382271,-4.31183836769572,-0.154111248156854
60.1484228207394,132.797330258764,0.474209558514675,14.8630326351249,24.7738158713068
-3.6289572378594,105.099766537846,-6.97183742381851,-3.43257873632896,0.818237562453314
-1.94866130379435,86.180324945035,-7.42434164332248,-7.76099395845128,6.68887247482336
5.19557172989167,114.223027277971,7.04332850994002,-6.69281928332573,5.00613549681841
-35.0236488461103,96.2580545647747,-22.1467507362623,-10.3462774559321,-6.87936844755029
-31.5123007118812,88.0506448627328,-2.1076604167921,-12.6735275872912,0.460382214228723
-18.4537881541993,113.590556105341,-13.3724903337027,3.85367693060819,-14.0721464157243
-48.8339061940943,92.9807342010713,-7.15696332349137,-21.831806595382,-1.76954520398842
-12.9778789770751,93.3181624176661,2.74188428279062,-8.9790910374683,-3.45016866128205
-0.0515353985071607,91.6246953808274,-4.73344721571194,13.8862275439471,1.04943862247662
-6.08399429329441,70.9673936432328,8.73936066482827,-5.14120131610659,6.99559951707332
6.62312202426996,98.0805297899965,3.79401329363688,9.40876830664162,-2.80398783966471
10.685268240562,115.261702342501,-4.35674522263521,3.60421290028905,1.12902115745429
6.70528779057313,119.018005220519,-2.89673021496812,20.3142913243482,-13.1444670743473
27.6389548663694,91.7343165132652,-0.842835875524004,18.5028530553835,3.75425707411113
-7.61783283385363,106.372928914369,-4.52721372305029,-8.28008555982897,-0.694930611100064
2.63028355831105,122.042322308632,2.66249273974656,0.0772511204901844,-3.46087262379002
20.1946698026079,107.790029399657,19.8408907128757,-4.95607877324178,4.44349424010779
-23.3020773144599,95.8793674299223,-11.9487193258859,-18.7725341654549,1.280872804232
-15.7538958624128,85.9084134338911,10.2469375678524,4.99202257418785,-25.5177127286157
-27.9270241405145,98.7815832981935,-3.69350863760338,-10.2694970326574,-3.99074431402171
8.90686124545179,97.6697279282018,-6.96742001297214,2.60652270229558,8.34103389480871
-33.747476748135,109.875973191241,-7.7278907001116,4.70208562692228,-37.2158543557985
-30.1413468238787,76.9781255653123,-0.715715840321981,-6.96646031806691,-11.392000661948
16.7689732628126,114.205556689281,14.7424194448723,-1.26929544745922,0.258461952770563
-20.4932419407438,91.472292211521,4.09301340138158,-24.6314127406079,7.60636671491647
-19.4486672073122,94.329579014067,-4.90557693359752,-0.217807411801519,-16.4649589991469
-45.8464708891859,72.7321541431835,-15.9230922822606,-7.93068807382984,3.42412269747368
12.0435249367963,109.334132627751,15.8684334317472,-8.80121401180146,2.69259546842833
34.1012346084885,104.986070479171,3.79082153800097,13.0190237783667,6.5056205308405
6.79413176994527,97.5701104940645,5.5111064843859,-3.86841029452184,10.5481432585397
-32.9228990043807,103.300951890342,-8.58564196729935,-18.0014243368572,-4.14577408311259
-2.94876717915849,113.799681348654,-6.05885842881562,4.33887073533634,1.81896687696587
-15.36278864776,111.365419002558,-27.9308748271608,-4.77758848601789,5.94333574905175
2.6123286482262,94.9472130304916,2.58915277688977,1.01059093745899,-2.04950461227193
-21.7094220756304,103.950131114239,-6.96312159725587,-10.3117738514723,-8.69764044269217
13.9713623469798,109.054546587799,-26.2244120114075,10.4600875717988,23.3546704511798
-34.7773986360568,96.27617735739,-24.6412526058616,10.678592568019,-6.89290017887324
-4.23545457493168,70.9823529466022,9.33441602905979,0.703575965356701,8.38540529994492
33.8360615273449,129.931092508305,4.63936819344861,4.98030222958513,2.7137785372607
-37.5653589754565,87.1922353227451,-17.885179234929,-11.1747199978987,-19.1572610006421
-4.3943653003501,101.6200120612,2.72443489528391,5.90637797976403,-13.296157564757
-19.7539672876319,93.2301571933349,-5.22134495347373,-2.01408507698556,1.06486428097404
-3.33251414262936,106.172088612173,3.99258213497549,-5.01074973933273,-4.86683290037291
25.7999208347113,91.0142070673518,-10.3941810802851,16.8188424915109,21.8247031447531
-12.7390910673491,82.6326783405642,9.470406405556,-16.9137341632059,5.22163223888973
-6.23322365056481,94.5061263744698,7.15182916097974,11.4646150699039,-22.2368950336884
23.0402462975845,106.289487407102,15.6843772767369,1.81629973467468,-15.2731671912815
-71.9368136934042,70.2720046790322,-12.4856462584661,-4.29428573634758,-23.7835705349047
-31.9850981826417,75.4780877254398,-5.90700693431498,-7.97973735864194,-4.79340562038664
-40.6531730887002,103.125914979686,-10.3690326158208,-4.95878857465108,-15.5908974195402
5.84827131557179,119.201024331656,-20.4952914403292,2.04656576729842,10.3413841729579
17.5773273980449,98.864581270324,23.4557894873198,10.0589827696906,-4.15402038504941
-3.70495372289583,106.064987800999,-10.1303571012116,15.8778083191432,-12.8245982086488
9.06536818543979,125.141041929027,-9.19214285552808,5.08528390723809,8.33145395700659
-17.3748940728732,105.399594055861,-7.44916737428748,-15.7983467256056,4.75958359314135
6.60345870469666,94.2304605591108,-2.20312294473813,2.93363127077278,5.54010816600854
-10.5937044478108,79.9814577243758,-6.23870389196139,-4.99598000591475,8.7380192278294
-3.79654052825355,103.757437909737,-6.64035268420252,3.27470121326315,6.28227041258324
37.3941206321093,112.549235810206,-8.45858484949525,27.1774148885769,11.9037533887054
-3.3030622073375,95.3890125590466,-4.02255460769342,4.70459670799736,12.3341720024598
32.4670721874869,109.035082061167,10.4852593138617,15.9091217768273,12.8172875634505
-14.8249800040861,86.4601070597757,-10.7936650589106,1.58244219146702,5.88735686945915
31.7603243027252,101.281447035219,1.93063764029322,24.9285874980884,-7.09589750780316
-9.84038733602596,71.731597188573,-3.47661826735945,-7.97804869949047,7.83472700574096
8.19307935330438,107.879660861681,10.9358119742835,-1.7998627223573,7.09788491681751
-12.3563659931349,84.1730698090104,7.52652091939694,-8.90968991159278,5.38455674846442
-5.77029124427852,108.027749225931,5.01667976634085,6.12965811419757,-0.805871694598144
-23.2705507928989,89.3975137710179,-2.66702213320432,0.793036860510086,-11.3072749468776
21.7522322987279,106.550229352831,4.81490069130582,9.78323253563192,10.5025641007564
-16.3931227708461,79.5271621787996,-11.5860029577755,-2.4105073758487,-2.51577751694746
9.51269729695771,93.460212154061,-3.38513428646621,7.78073581547577,5.80917481380111
-26.2808170421666,82.2279106835257,-1.22445425827144,-10.5799267262775,-8.06073401535211
1.68545623590216,85.1896137796669,5.19153696770104,-7.32037697354959,8.14265937141218
-0.637247815819246,79.7530071447525,4.69228341564456,1.40941065978093,-3.49216580007349
24.6795435008026,130.950551853838,-6.56687014815194,7.03488708750867,9.07811104906726
-24.6929506300767,83.7589002184165,-11.2321506969969,4.55762504113038,-14.4553090997835
-15.2000172530374,80.0209021551335,-6.92776596382368,13.6927852706451,-5.105781487878
-7.47372316810422,124.041331481423,6.93290722111221,-1.59922139167808,-16.9462669744371
11.1492688669527,92.7896783329487,7.04533341069534,3.08712311136868,12.7765838683658
-32.3507158498844,83.5823379016981,-25.630317971458,2.92990578250672,3.50264544265488
16.3461991944201,84.4627961477622,-7.56894563543666,15.7808900605919,12.0175402399091
-19.7979030782221,109.80863029575,8.29441650521584,-5.14361388953015,-22.6176237865288
-8.07633561742867,97.2697454134347,-1.96189354390103,-4.77955833953036,1.30201426242185
-14.044020929603,98.7542169620114,-8.70177751609668,-22.3284335173636,8.56845225647331
32.36951671434,101.709734999973,-2.20376451131553,29.2187848539123,17.4641806831126
19.3497584000466,88.2363761810803,21.1521829869643,10.4456563853909,-5.94283897187643
19.9386448697429,96.5263200519822,5.16714621295757,7.80623958288077,2.17907956132058
5.42694448940861,110.544910491796,-11.8705248394667,18.5519268816953,-2.80948584147547
1.18586104780296,97.5138356149144,4.79949637904274,-12.18293376455,1.94398285193069
-49.9602808004134,76.5270665043155,-6.09391188611756,-18.1487362948417,-9.75409004492427
-46.252897234609,76.1372986717785,-1.66528637919191,-6.76677849989537,-31.7787478432849
19.165337477092,107.038272706899,16.8118761794035,-7.20108371910324,7.49848051140037
19.9554285536122,103.161569443362,-0.601375135348367,4.74453385916596,11.2987288457179
-14.9257741333941,105.15778791634,-10.1071973156838,9.32284475552969,-8.33883393583823
-5.35394727207642,99.8784835611666,-1.05013511184383,-0.681211849496664,-14.7951339768004
-6.39987829576873,104.103671199896,4.2413641126418,7.07706952589995,-26.3097546745895
26.2883714656733,140.714142940533,14.9776974833359,1.14851452495894,-15.0993363044555
20.3268039233721,114.92690821587,9.038340051708,-1.95379531896942,14.1361598659809
-20.885819436275,92.7855501385772,-9.0787016918938,-5.44253538158654,3.49746537114806
-40.0531512577944,102.807717488957,-19.8439191324426,-9.56549259296882,-7.44300545757953
-23.3407320141284,103.681951592901,-5.55759811264693,-12.2571762995833,-8.5114606489863
46.5163443408718,116.070182647962,15.2766071843685,10.0851288614387,20.9889945449398
-10.755758618607,108.297388831878,8.78735910620207,0.674586499265451,-12.50064740745
3.43849458836392,88.3065580030199,0.745750491931872,-1.6376781943381,11.4838549038567
-6.3878069375442,97.8289582790318,4.74250872099165,-9.68055373534803,-4.64030892238936
7.72079790430889,127.557014380659,6.33708674877607,5.44630830862596,-19.351097745614
-23.449874943462,91.4476724865507,11.7026709910358,-18.3780111711999,-12.2628314493365
-4.94785795465271,130.46192031115,-6.16444420463058,4.33886628630919,-6.03141011522118
17.6834681444982,103.174695544614,8.85101386179765,12.8280093808209,-4.52059459447412
6.28571417454281,91.2137864920456,0.757599753598549,-0.209010813124227,-3.71170216852583
16.0588680908589,95.6658373948272,12.6485614345976,-2.90301244258892,3.06067814437582
-18.6472029667516,104.423062258425,10.7791820934001,-9.93070317033834,-18.2517453158933
4.46684171018706,86.2281621973349,-7.38673333575241,9.74096727656087,8.35341167557997
-18.4497957035639,88.2252781126452,-12.1001469024916,3.08517486912332,-3.40817956948214
3.22638808117823,94.1075756546011,4.30502004783269,5.8029373028934,11.2861150738671
41.5305445121139,115.632600439511,21.9025391113423,-1.16655249400158,6.85483498508146
-29.5668302159154,62.3700733058931,-3.78399276812373,-1.06219803934431,-8.91420116934682
-21.6871479630795,86.6348803094041,-9.15554554425425,6.09689115337951,-3.13268029337183
-12.8520750362831,112.713236302562,-3.69538862659117,-1.97707893736978,-13.8784676047905
-5.78984272224511,136.327376390769,-11.8629124890484,-1.14578583382013,-5.99285266110696
-23.9580300870135,84.3528308918841,-7.69869780357954,-0.636030708485138,-10.5332149129189
-25.6320073402767,102.217631923486,-7.06640978250805,1.17886698716043,-15.2304311442993
4.7689762472865,92.5568700684434,9.93556827003135,6.77457838672855,-5.43118191238374
-10.6426480550732,85.3821273854509,-0.368556261546016,12.5742753234155,-19.2058820949065
-11.9514537641645,118.600111880069,-8.44643190683348,-7.08341976880273,-1.43083858703392
17.625640786271,114.086799951867,4.69886280658091,14.312634912802,-8.84333732079716
37.2748457913239,113.79221882347,11.9442753816741,-9.8576320357111,26.5574696475767
-9.03596078663542,92.7726515191325,4.83866683319199,-10.2652270821947,4.9013742441393
-26.9663927452624,116.788173843863,-12.9576673505785,-6.33870069824799,-14.7924887649226
-0.157674581431643,84.4910587343951,7.30425639419178,7.63753796121644,-15.3426126941993
-5.86600171157992,112.803043480532,3.95583582761637,-7.54364712928944,6.68893974228964
-24.7730556506674,101.052608533691,-21.8057478529592,-1.08517827980012,-19.1220122231194
-37.1012423618738,100.333054290979,-6.36774082650675,-20.3366585187559,-10.7495110927872
4.17720142339632,103.227937381034,0.767267738032626,11.4144878590941,-8.08434924561517
8.93792970077742,109.523356070151,-2.30478071285177,15.1361263658073,-3.30957558603514
10.0396691488905,109.926933974618,0.114351538857618,-5.16486197739525,5.79735515083779
-0.89966602956161,103.81368532953,19.8381782755074,-18.7697329291502,-2.3326126880284
-2.2768060816807,96.8052976917477,-3.06913802508261,7.70584843014329,3.78413184180518
-27.8755632968289,83.6022909722498,-14.7524539751722,13.1795421358041,-10.2201024612327
-0.342005104496256,98.4891228097931,11.0670879648126,-12.6792452069934,0.0206795653621001
-7.46672634026412,115.650169434537,-3.98085917038094,-5.75415947718915,-3.08968701286173
-13.4960431123041,103.378095517066,11.7643390180177,-25.4034182490742,-4.92259199521302
17.3880368727579,88.4558862222326,15.7623548457037,-0.629940404397802,-2.44417971075478
-4.75304844965976,92.8806764653552,-2.1203628152796,16.9397086570512,-7.67751615445779
-19.584165715473,78.8805108470547,2.95920626257636,-0.866462990547791,4.56662455555526
-4.83116854207538,101.430530025359,18.4470001244159,-19.1792626367137,-12.9163404514166
-36.3981365106122,85.0283155973447,-9.32699402545862,1.71757860775311,-3.81059055951528
13.350500821521,108.799727305184,7.67395390092476,16.1654991601559,2.411415762821
16.6542835183254,93.9967923512936,-13.9853007649779,15.3238177207288,12.9094355864733
15.8459506532351,105.799487861156,15.712123042735,-2.88390737315823,0.637176854826436
2.67773853813217,97.3782812224703,-7.23624905928353,1.15469410132228,7.55092847481807
-19.601811750676,95.1351048852943,-2.78460811342026,-13.7795956325024,9.8419990711963
53.8037954709082,117.970372793979,4.41201167499042,29.3627651626858,10.1943640062242
-0.316662281424496,97.7877854045644,2.91736958077719,0.97532747257084,-1.61703035566767
6.5131662541248,106.701466305171,-1.04482204463051,1.90689759366208,-2.61045122911869
25.5312672163058,100.808608804722,14.3041657755901,19.4207470786365,-5.59575720884076
-35.6493725723922,77.7060940314898,-12.1491090704002,-12.3304405178189,2.7453770536291
3.50667124477802,109.884449350827,14.6460814213364,-16.295580370282,10.7536249027837
-17.303579975211,91.0094835806476,7.42545051482252,-5.43415664918768,-11.6975013806635
-8.50771984829917,97.5468566310976,28.607914935008,-15.4979332692095,-12.2736802455067
1.7454159766356,79.9722529252632,-11.0489224178967,0.615303535549112,7.55106258060094
10.5351775919795,107.785588257748,1.46865926046418,-0.547965077636029,3.03212234751264
27.8118584169955,109.15920182107,1.38701013824445,14.396815716041,15.5235597122375
-4.31789680178883,98.1130791198833,11.5737410767111,0.848674181401396,2.91917988084034
5.20666813484957,99.9870409269131,5.24240333439981,-8.55697617622237,8.87722438208278
-18.1255622678809,73.6186274126267,-15.9526080606272,5.08755679391729,-1.82479245074602
21.9893613934098,105.27758191366,-0.838837211604104,9.68282126956791,6.93101103736688
-29.3261122790283,91.1927385438661,-7.55992197070401,-4.9306766539565,-9.34366901510536
-12.1654394599526,81.9992229637877,9.11062881669028,-2.7309716752985,-7.35410222044556
55.3803532162244,126.756366080512,10.6283884835676,5.48845722125881,21.0873993390742
-10.6361351380248,95.2313870148177,-0.32381222891394,-1.72693610762862,-8.44864591482294
8.74326018009998,122.002465118338,-13.251052411205,0.807411152777575,4.10966557441846
6.77443246151032,93.3408882422081,13.2368069291748,-1.83491245578337,-3.46680461584067
-8.76080833396958,104.954304138275,-0.774637017935836,-1.88754925737365,-5.78164139482529
7.07646337067095,81.2563494108037,4.23984243453804,-11.1649086487953,18.2258994994374
-14.9069431576236,98.4390634360726,-16.8813652503302,-2.99905626335484,0.990267513606984
-12.2147112017222,101.858041118995,-15.1707862081062,2.76653310327501,-0.767281151601374
10.1011154577677,107.611856356119,-0.693686923549621,0.851725591520853,-0.195542043364918
17.7414758955915,101.143157827533,10.1158053388465,10.9167516321128,-1.16056594178424
-25.9302413549556,101.38792607645,5.95782508979606,-19.2002529161898,-14.6800842635645
0.525637455171634,77.6841512598376,1.84922663922529,1.10108264241969,11.9940053515212
-19.6792096838897,106.210541933598,-9.05014035206181,-1.45581212759063,-9.56917522598566
-5.04528168534925,104.829880150912,-6.32714112104699,-2.49090991238118,-0.997666342433418
2.66758304465476,87.8279151758846,-5.89371670370266,16.3499645110244,8.39381165547236
5.47127294918366,103.937144785079,5.04035496200051,2.35983806278013,-8.3937054379599
14.827870685196,110.948889525728,2.47989950291172,4.240192849215,5.17566419117238
13.8985601497307,117.882850040853,5.64418904444253,-5.18049251039776,-1.97538698949048
14.9035727060656,93.8970466116301,7.7726851621755,-4.01085183787347,10.0425991655403
-22.2764926555383,55.0767840244044,-7.44067064792874,-3.4821381306992,-2.48546063647932
13.6784834401155,98.0746111448089,-7.56133982998544,7.71190674866973,8.06627694251901
-1.47120134053394,106.494345936281,2.11153617345723,-1.86770234484,-4.69820397257539
8.27186229170005,77.4781561548571,2.03707061966782,-2.51740160304033,15.8368620103875
1.05706662868242,99.7225212694315,0.933880891126919,-11.6929060734743,10.5006314203183
4.65739870127606,132.117952676742,3.16401093357885,3.86359732595118,-8.86892107410296
-31.3758566640845,92.12832429245,0.336699452857245,-8.86791475879666,-9.91969476671752
13.4021577164416,92.1955900493147,-6.73707351002817,-0.669425187700281,22.1261721656805
31.5931441480198,117.848448500864,-4.21045980015091,11.1970787790937,17.5740258509565
44.6231132773564,106.125015376142,15.9887284250692,12.3826924382831,5.70503544546719
3.1522715748653,97.8865703907918,-10.8288525922687,2.6682543656693,-1.0089448470449
25.9151416753672,104.176787031712,22.3445670878644,2.3935632838992,-1.64141238240507
-1.27344955361187,106.428350480711,-0.716921190376615,-1.23397544242739,-5.54701143816511
-2.08657763375318,91.8472356326777,1.04479280965698,12.0363677546174,-6.08808960238312
27.3427710551645,107.904050138573,8.30123290333138,6.75242869996178,-2.02219258229557
-18.5513192126317,103.171403050026,-4.93958021191901,0.342137866824433,-10.6514077656922
2.72149276065431,105.750230739344,17.8965660811758,-4.1437798020723,-7.87856322456218
-20.6620895933601,91.1143152834495,0.831834152844537,-22.8238684622601,-2.60596102191446
-24.7111247277286,80.5629058412092,5.46105781426859,-7.29103383981955,-0.230094312646504
32.3926628428832,88.6632369349961,13.3540226273831,6.42748845972307,8.30667375159144
-9.17250553211215,102.017364453576,0.026317652992532,-15.8151954672123,5.85267738291103
-18.6814844299189,92.8099831623928,-10.151590829967,15.6815145050912,-12.6091673212753
-19.4669539224191,95.4813450082317,-3.48395778516655,-2.33966090715986,-5.78506098253857
15.4029780504126,104.193421153667,-6.16513619666495,9.0438229445272,11.6871262092545
-22.6905376093134,76.0814346049813,3.78879351683898,1.06884711677493,-14.717389185499
-25.3515260896006,84.3989171095176,-1.92969000485413,-2.55341554937395,-11.1464773932891
-24.1044675469852,100.036952845677,-18.8681516411742,-4.45233834689533,1.16411410595697
-17.4687169675512,73.5395313726473,4.71440314595672,-7.24865374818045,5.36013953088984
-16.2356791357622,92.7209196356569,-10.7152498253004,-4.52283584094347,-2.13024493399246
12.2557061745556,105.334657825782,19.529448227283,-1.97564511458193,-23.425975801717
17.1678736233417,100.156929847213,14.5996748142319,7.700054143452,-6.94481439388931
11.2518733750443,104.955508601401,-4.5319059373677,5.88427700082382,1.09564471425784
-28.0281168268017,85.7505808274998,-5.31120771289345,-12.0488574093536,-4.64001902175822
-20.930444863278,119.908890361224,-5.3094034525326,-11.405907333934,-7.23249931016052
-20.8625983508404,93.8743838894089,-10.5402715337711,-5.44378541123833,-1.26089107479353
-32.6331539861797,100.535001843908,-15.6535836509958,-12.3043379123751,-4.39515229916963
-30.8672220665392,93.7457435729314,-0.544077401006976,-5.28627664462589,-16.5900184177325
10.1578416790271,121.460433374533,-9.17186300195109,1.41831065586712,2.24487459558418
5.60188456179602,97.2747462026507,11.9340415728373,-9.46387205792402,-5.99479560857257
5.05120316284891,62.4275869668715,3.48107314266043,15.9094599937858,3.7226500721964
13.4751025317869,78.4945675170269,5.85612606384941,9.07115849483685,-2.92247900227493
-19.3839200724287,88.2548216819767,5.35165877993616,-8.24837664581612,12.6777706294112
-10.512940455388,95.6719714843309,-3.53663588115806,-5.12055622024172,0.582318138662914
-6.68656554231024,104.896593537153,0.963948095054791,-6.04656816686579,-6.37395021770299
13.2329816177405,100.794559303877,5.28706596323355,1.81988398365386,2.88596888092788
-11.884555223993,75.2039677429594,5.41866559548026,0.476519589573128,-2.10196736789166
20.3776174722378,114.138992499575,13.595738250024,-4.01112730110191,5.47423773810873
-39.8353782454436,73.935048725643,-4.93724933718485,-16.4165433618696,-3.01519917212012
-19.0991838693625,95.935822519445,0.364766938257599,-5.61367605523145,-7.02061932983492
